int 10 199 68 212 60 157 294 208 295 168 113 0 2 5 8 9 12 15 18 20 21
int 10 290 231 38 57 16 140 79 35 106 272 8 9 14 19 23 28 29 30 32 36
int 10 262 29 39 8 203 257 261 152 166 21 7 9 10 11 16 17 19 22 26 29
int 11 89 127 73 281 95 136 274 135 31 272 28 8 9 12 15 20 22 23 25 28 32 35
int 11 24 184 33 50 127 299 129 109 44 264 51 2 7 12 15 19 20 25 26 30 32 34
int 12 22 229 286 149 79 98 190 203 86 43 227 185 8 11 14 16 18 20 24 29 33 36 39 41
int 12 275 103 189 86 45 243 257 32 161 78 4 102 1 2 4 5 9 12 16 21 24 29 30 34
int 12 125 201 194 92 34 70 246 287 221 65 189 271 5 6 7 8 13 18 22 27 32 37 42 46
int 12 53 275 281 255 262 48 45 252 70 31 0 263 7 12 13 15 20 23 28 30 35 37 39 40
int 13 95 151 183 198 57 100 56 289 201 199 10 74 295 8 10 13 15 19 20 24 25 27 32 36 41 44
int 13 64 47 206 238 27 202 31 79 157 46 140 138 241 2 5 6 11 13 17 20 24 28 29 31 34 39
int 14 292 11 128 0 112 79 239 269 251 214 264 184 111 44 1 4 6 11 14 15 17 19 21 25 28 32 36 40
int 14 154 32 108 101 90 41 144 94 187 174 231 37 82 296 1 4 7 11 13 15 16 17 18 20 24 26 27 28
int 14 107 290 10 200 236 178 138 293 115 215 72 147 243 251 9 10 12 17 18 23 24 28 30 35 40 41 42 44
int 15 10 174 191 258 66 277 183 171 115 133 91 58 221 144 283 8 12 13 14 19 22 24 28 30 31 35 40 42 47 50
int 15 269 197 287 86 290 52 196 255 101 200 234 194 0 174 288 6 7 11 13 17 18 19 21 26 27 28 33 35 36 41
int 15 94 217 241 295 115 297 274 251 174 46 279 166 79 201 197 2 5 6 7 9 14 18 21 23 27 31 36 41 44 48
int 16 56 200 68 239 195 240 36 269 24 189 145 117 105 140 298 197 3 5 8 9 13 17 18 23 27 30 33 37 41 46 50 54
int 17 208 81 246 31 195 297 287 224 227 292 17 276 167 211 197 155 202 8 12 16 20 25 27 31 34 38 42 47 51 54 58 62 63 67
int 17 133 196 74 142 135 181 231 145 0 91 220 107 272 253 129 2 81 2 7 8 12 15 19 24 25 27 31 32 37 42 46 47 48 52
int 17 98 117 257 97 129 95 163 234 54 144 4 170 5 14 36 109 131 0 4 7 12 17 22 26 27 30 34 37 38 41 44 49 54 56
int 17 18 36 224 19 284 234 245 299 75 86 285 202 221 278 265 219 29 8 12 17 20 22 27 28 33 35 40 45 49 50 55 60 64 66
int 17 61 265 34 194 29 22 18 127 280 145 155 102 75 36 198 293 77 6 9 14 18 23 25 29 31 34 38 39 41 46 48 51 52 55
int 17 162 138 233 145 3 116 23 245 119 190 258 50 158 62 104 154 4 6 10 15 16 17 21 22 24 28 30 33 36 38 42 44 48 52
int 17 246 11 118 147 134 290 105 241 136 224 8 121 174 27 217 225 259 5 9 14 15 20 25 27 32 37 38 43 44 49 51 56 58 62
int 18 195 243 32 77 257 294 102 126 270 196 149 216 40 236 152 73 284 234 6 7 8 13 16 19 21 26 27 32 37 42 46 49 53 56 59 62
int 18 256 56 234 148 169 17 155 197 198 201 274 283 226 205 70 258 254 204 6 7 10 11 16 21 22 23 28 31 33 36 39 41 45 49 54 59
int 18 288 227 9 244 30 132 37 54 20 211 31 179 168 6 53 187 214 111 2 6 7 8 9 12 15 19 24 28 32 33 34 35 40 41 44 49
int 19 95 31 9 263 296 210 229 113 155 153 34 214 101 199 37 76 184 189 103 7 9 10 14 17 18 19 24 27 28 32 33 34 37 41 46 47 48 53
int 19 132 150 192 28 96 298 194 11 187 249 283 277 164 31 128 18 293 56 213 7 10 12 13 14 17 21 24 25 30 31 33 35 37 40 42 43 48 51
int 19 3 296 47 160 114 58 163 0 87 214 100 291 265 128 232 250 75 81 240 8 9 11 15 16 20 21 23 28 30 34 35 37 42 47 48 49 52 55
int 20 114 89 240 148 50 133 140 186 9 225 224 63 68 234 239 218 72 271 291 294 2 7 8 10 15 20 25 29 34 38 39 42 45 48 50 52 56 60 64 65
double 20 28.9 3.2 25.5 23.4 5.7 9.3 2 13.9 19.7 7.7 2.9 9.5 13.5 20.1 3.5 26.6 2.6 6.8 20 25 6.9 10 11.2 15.4 18.3 19.7 23.3 29 33.5 36.2 41.2 43.8 47.6 51.9 53.6 55.1 61 62.7 64.5 65.7
double 20 0.5 22.9 1.2 12 7.8 1.9 16.5 29.3 20.6 13.1 6.7 3.2 18.3 15 19 10.8 27.9 17.9 27.2 22 3.7 5.4 9.9 12.7 14.8 18.2 22.2 27.1 31.9 35.5 38.5 41.5 45.7 51.3 53.6 56 58.6 60.9 65.2 68.1
double 21 9.5 0.4 2.7 12.2 21.2 12.8 10.2 11.3 2.1 8.2 24.9 23.3 22.7 3.4 9.2 9.1 15.4 11.6 28.6 21.4 13.9 5.9 7.2 10.2 14.4 18 23.6 26.9 31 33.4 37.7 41 45.8 50.4 51.5 53.5 59.1 61.9 66.5 69.2 70.5 73
double 21 21 1.5 23.7 24.5 3.2 14.3 8.4 4 1.6 3.3 22.3 27.4 13.3 25.7 15.5 3 12.2 6.6 13.8 23.2 21.1 6.6 12.2 16.4 20.4 24.2 25.9 27.2 32 35.2 38.2 43.4 48.2 49.2 50.3 54.9 58.2 61.1 66.9 69.2 72.3 78.2
double 22 22.4 27.9 7.2 6.4 3 5.9 23.9 8.4 9.8 29.7 27.4 4.9 29.6 2.9 13.3 8.2 4.3 15.6 4.2 18 3.3 9.2 1.6 5.2 10.7 12.1 16.6 19.5 22.8 24.4 28.6 31.5 35.8 39.9 41.8 45 46.1 52 53.7 56.9 58.4 62.2 65.1 68.2
int 22 238 49 15 288 286 63 105 176 138 273 68 181 55 32 64 65 222 245 255 2 54 170 1 3 5 6 7 12 17 20 23 25 30 35 40 44 49 53 58 60 64 67 68 71
int 22 284 66 104 12 225 240 239 241 42 259 201 185 127 267 130 223 102 255 46 251 23 100 6 7 12 15 17 20 22 25 27 31 34 38 42 46 51 55 59 62 66 67 70 72
double 22 1 0.1 4.1 18.1 17 13.2 18.3 11.6 7.2 20 17.8 20.2 28.7 10.8 29 18.5 3.8 22 14.5 9 4.9 26.2 0.3 2.6 5.8 9.5 12.7 16.2 20.5 25.5 30 34.8 38.6 41.5 43.5 45.2 50.6 56 57.1 62.5 64.9 66.2 68 69.9
double 22 6.3 22.9 15.9 17.7 26.2 9.5 5.9 14 24.6 9 26.7 26.9 26 26.4 27.5 4.9 13.3 22.7 1.1 13.7 11.3 15.8 6.2 11.3 14.9 19.4 21.7 24.8 25.8 27.5 30.6 36.4 39.5 41.8 47.5 52.8 56.9 62.2 67 68.7 70.8 74.4 78.5 81.4
int 23 17 82 45 78 74 129 239 53 51 192 279 87 243 166 151 35 183 12 40 120 251 41 224 6 9 14 18 19 23 28 33 36 40 43 46 51 55 56 59 62 67 69 74 77 82 85
double 23 22 10.4 9.3 23.2 4.8 10.7 14.3 29.7 16.4 12.6 20.3 11.8 4.1 4.4 12.1 5.2 25.9 15 17.9 8.5 18.7 15.2 26.2 4.1 8.9 12.5 17.8 21.1 25.9 27.7 30.8 33.3 37.8 43.1 47.7 49.6 50.6 55.8 57.1 62 67.2 69.2 73.7 76.2 80.4 84.6
double 24 15.7 3.3 26.9 13.1 9.7 28.5 14.7 6.1 13 13.3 17.4 14.6 29.7 0.9 27.9 23 24.5 19.1 3.4 1.3 26.7 5.2 6.5 11 6.9 11.2 16.6 20.8 26.4 29.1 31.1 34.2 37.7 38.7 41.5 45.6 48.3 50.6 52.1 55.5 56.7 60.6 64.3 66.9 68 69.6 73.8 76.5
double 24 23.5 15.4 13.6 2.3 14.2 2.5 6.8 28.3 29.7 23.9 2.6 18.5 7.1 26.8 28.4 19.8 24.2 10.7 6.7 11.1 0.6 12.1 13 12 8.6 14.2 18.9 24.4 27.9 32.3 35.7 37.8 40.8 44.3 45.6 48.5 50.1 54 55.2 60.2 64.7 68.1 70.1 73.5 76.2 77.8 78.8 83.6
int 25 257 100 50 237 165 245 64 224 169 254 212 260 109 184 75 111 78 176 278 2 279 268 20 80 200 4 9 10 13 18 22 27 29 33 36 41 43 46 49 52 54 55 58 60 64 67 71 72 74 76
int 25 140 22 246 166 200 265 144 54 116 299 124 137 29 31 42 117 24 134 207 243 28 264 252 108 145 8 9 10 15 20 24 28 31 32 36 40 42 46 50 55 59 64 69 70 75 77 79 80 81 83
int 25 204 214 260 202 148 78 159 79 291 86 149 90 111 23 142 140 30 181 171 205 294 186 225 84 177 7 8 10 15 18 19 20 22 26 29 30 33 35 38 41 44 49 54 57 60 64 65 68 69 74
int 26 129 82 221 135 284 289 29 86 178 4 260 173 23 226 12 202 88 286 215 22 48 59 168 179 267 187 7 9 10 13 16 18 23 25 28 30 33 36 40 41 46 50 55 58 61 64 68 70 75 76 81 83
int 26 176 14 28 279 254 129 231 252 155 287 42 261 193 296 5 197 230 194 207 9 108 80 224 180 1 232 7 10 13 18 21 26 31 33 34 35 36 38 43 48 53 57 60 63 66 71 76 79 83 87 91 95
double 26 10 13.7 20.8 8.7 27.6 3.8 22.6 19.7 20.2 13.6 11.4 3.2 5.6 9.5 13.9 14 7 16.5 15.3 18.6 5.3 7.3 21.5 16 6.4 25 9.6 15.3 16.5 18.1 22.8 26.5 30 33.8 38.9 44 48.4 52.9 57.5 62.8 65.1 67.7 71.6 74 79.3 81.7 87 89.3 95.1 98.8 102.9 108.4
int 26 286 37 0 68 149 129 159 145 107 1 195 33 93 139 98 265 198 77 164 280 136 21 31 73 230 12 4 8 10 13 16 17 19 21 24 28 33 36 37 40 42 43 46 50 51 56 60 64 66 69 72 75
double 27 26.4 0.2 16.9 19 12.4 14.6 4.7 24.3 19.2 3.1 25.7 26.5 12.1 28.9 18.4 17.3 14.8 4 27.3 15.5 11.7 2.7 7.2 9.3 2 11.8 18.5 7.5 11.8 15.2 16.7 21.1 22.3 23.5 26.8 29.4 33.3 35.5 36.7 39.7 42.9 45.6 47.8 51.5 54.4 57.9 62.5 67.7 72.7 74.7 80.1 85.8 89.9 94.6
double 27 28.7 21.7 17.3 2.2 19.2 9.7 2.6 25.8 22.7 7.7 17.9 12.1 20.3 23.9 16.5 4.8 14.3 19.8 26.7 8.3 4.1 21.4 29.6 8.5 7.3 16.4 19.3 7.9 9 10.3 13.9 15.6 17.1 21.1 24.4 29 31.4 36.8 39.1 43.1 47.9 49.2 52.8 54.7 60.2 62 67.8 69 71.8 73.2 77.3 78.3 81.3 82.7
int 27 177 287 136 265 226 207 0 69 296 247 176 153 39 188 143 238 144 253 130 151 46 61 126 53 209 258 152 2 5 7 12 15 18 22 25 30 32 36 37 40 45 50 53 54 58 60 62 67 69 73 78 83 87 90
int 27 213 4 11 125 203 260 173 116 223 5 55 258 249 118 248 224 76 112 117 178 23 139 86 27 288 6 94 2 4 9 14 17 18 19 24 26 29 34 36 40 43 46 50 55 57 58 63 67 70 75 76 81 86 89
double 28 5.7 18.1 27 13.2 2.3 24 21.9 0 21.1 29.4 14.2 6 26.2 7.2 24.2 14.1 25.2 12.8 5 23.4 25.4 13.5 5.6 28.8 23.6 18.2 22.6 24.8 2.6 6.5 8.9 13.1 15 17.5 20.3 23.6 27.8 33.4 38.3 41.2 44.4 45.8 50.8 52.3 56 58.7 64.3 67.6 73.2 78.3 83.2 87.8 90.6 95.4 100.2 102.2
double 29 24 14.3 29.8 7.4 24.6 25.3 6.1 18.3 28.2 27.3 22 19.4 14.4 15.2 20.4 1.8 25.6 11 2.3 12.3 20 1.1 4.5 7.1 16.3 29.1 15.1 18.9 10.4 3.4 9.2 11.8 12.8 15.9 19 24.4 27.3 30.4 33 36.1 38.6 41.5 47.1 52.3 53.6 54.8 56.5 59.3 64 66.5 68 71 76.7 78.1 80.2 81.5 84.9 87.9
double 29 22.2 10.4 19.8 22.9 4.2 11.2 16 26.1 17.9 25.9 22 22.4 27.7 4.9 0.2 27.9 4 25.3 2.2 16.7 15.9 1.2 11.6 20.6 2.3 28.4 5.7 1 6 5.4 8.9 13.1 15.7 21.4 26.7 28.4 33.8 35.9 40.3 43.4 49.2 52.6 54.8 57.7 59.7 61 62 67.9 70.2 75.5 79.7 80.8 83.1 88.7 92.2 94.7 98.5 103.8
double 30 19.6 18.8 14.2 2.1 21.3 4.2 18.5 0.9 5.7 29.4 14.3 23.7 21.9 12.6 3.4 28.8 19.9 20.2 29 25.7 6.1 23.8 11 23.9 10.8 1.5 6.4 21.5 27.2 6.7 4.5 8.7 11.8 13.9 19.3 23.4 28.9 30 32.7 36.5 40.1 45.4 46.8 49.4 54.9 56.7 58.6 61.7 65.2 66.2 69.7 73.4 78.3 80.7 83.4 87.9 89.3 93 96.2 99.6
double 30 25.4 16.8 22.1 10.1 6.3 11.1 21 27.5 10 14.9 1.9 18.3 2.9 4.5 16.7 27.3 17.5 23.1 19.8 16.1 18.5 12.4 14.3 17.3 10.9 13 15.6 7.6 5.2 2.1 9.8 12 15 20.3 21.4 24.7 25.9 28.4 32.5 36.8 40.3 45.4 46.4 50.3 54 59.4 61.7 62.8 64.7 67.1 69.1 72.3 74.5 79.4 83.4 85.2 86.8 91 94 96.6
int 31 287 166 122 19 1 148 286 71 288 15 239 175 297 255 114 14 20 227 83 94 31 146 178 13 26 187 248 59 10 217 265 3 7 12 16 20 22 27 32 34 39 42 46 50 51 52 55 59 61 65 67 72 74 75 80 81 86 90 91 93 98 103
int 32 51 113 59 104 229 248 6 221 243 61 277 73 10 105 231 97 137 173 236 201 216 14 271 26 57 93 291 127 276 285 34 184 4 8 13 18 20 22 23 26 31 35 38 41 42 46 49 50 52 55 56 58 59 64 66 70 71 72 74 79 84 87 91 93
double 32 2.1 2.7 12.9 5.3 13.8 5.1 15.8 6.1 19.7 9.1 11.1 2.3 6.3 9.2 9.4 10.3 16.5 15.3 4.9 4.6 18.5 12.3 23.4 14.7 14.3 18.3 18.2 6.9 12.4 22.3 23.5 17 0.7 2.8 6 8.6 10.8 13.2 17.7 23 25.8 30.1 35 38.4 39.5 41.7 42.9 45.9 47.7 50.7 51.7 56.2 59.5 65 68 71.9 73 78.8 81.7 83.7 87.5 91.7 93.4 97.6
double 32 2 9.3 0.7 10.6 27.1 7.7 16.4 1.9 12.4 10.3 27.9 26.1 28.4 5.4 1.1 24.2 5.2 18.4 28.1 7.6 23.4 4 16.3 11.6 21.9 20.4 19.3 5.3 17.3 14.4 29.1 4.3 2.5 5.3 8.8 10.7 16.6 21.2 23.7 24.9 28.7 32.7 35.2 37.9 38.9 44.6 46.5 47.7 49.1 52.5 54.1 58.2 62.7 66.2 70.9 73.7 76.5 80.1 83.2 89 94.2 99.1 102.8 103.8
int 33 173 104 267 248 272 210 254 3 170 26 274 97 178 283 281 200 49 78 167 160 75 38 65 236 271 157 247 98 68 255 159 207 21 3 5 6 9 10 12 16 21 25 26 30 32 36 37 40 42 46 50 54 56 58 62 65 68 71 73 77 78 79 80 81 86 90
int 33 205 97 143 18 124 227 102 28 7 159 225 173 192 104 243 190 39 87 163 296 259 244 34 149 116 103 160 0 75 142 110 144 32 7 12 15 16 20 23 25 29 30 34 35 38 40 41 42 45 47 49 52 57 60 63 66 70 73 78 82 84 88 89 93 95 99
int 34 294 41 291 15 40 274 58 152 193 280 217 191 163 93 117 115 0 62 114 183 113 196 264 52 24 106 155 56 13 189 190 87 18 216 8 13 18 22 26 31 32 36 38 40 43 48 49 52 55 60 63 68 73 78 79 80 81 86 91 95 98 100 104 109 114 118 119 121
int 34 59 282 21 258 86 267 118 288 87 128 40 234 244 39 162 186 152 222 299 174 37 80 272 204 131 260 247 171 120 291 25 245 201 109 7 11 13 16 18 23 24 28 31 36 40 45 50 54 55 58 59 64 69 71 73 74 75 80 81 86 88 92 94 99 100 102 105 110
int 34 205 202 250 66 247 106 43 89 70 92 184 231 4 280 63 140 129 12 3 107 267 144 128 224 58 158 233 33 78 284 170 273 28 62 8 9 10 14 15 20 22 27 30 32 36 38 41 44 45 49 52 56 60 64 68 69 71 75 78 81 84 86 90 92 94 99 103 105
double 34 10.9 21.3 17 7.1 20.3 8.1 5.5 21.8 13.2 15.8 4.1 16.8 9.6 8.5 5.3 6.4 12.5 23.6 2.1 7.8 2.7 15.7 23.7 12.7 1.8 6.3 20.8 23.1 6.6 22.9 0.7 3.5 0.8 27.1 5.9 6.9 9.6 14 18.8 22.1 26.3 29 32.1 35.4 39.5 41 42 43 47 49.7 54.6 56.9 58.2 63.7 67.8 70.7 72.1 73.2 75.4 76.9 78.7 81.7 84.1 86.5 89.7 93.1 97.3 98.9
double 34 27.3 6 6.4 18.7 25.6 8.2 2.3 28.5 28.7 1.6 10.5 19.8 9.9 20.5 17 25 7.4 1.3 1.9 16.5 13.8 26.5 16.9 23.6 13 7.6 23.5 26.2 25.9 22.6 12.8 14.8 29.2 24.3 1.8 7.2 11.6 15.9 18.2 23.2 28.1 32 36.2 37.2 39.3 43 46.5 49.9 55.3 58.7 64.3 69.1 71.5 74.9 78.3 83.5 84.6 88.3 89.7 93 97.3 100.4 105.5 107.5 113.1 118.8 123.7 126.1
double 35 6.1 8.6 23.9 4.4 19.4 15.5 15 25.7 0.6 2.7 29.1 3.5 17.8 5.4 17.1 5.2 12.5 8.8 14.5 4.1 7.2 13.5 7.7 27.8 23.2 28.7 13.2 17.3 18 8.7 6.7 12.3 0.3 26.8 9.6 1.3 6.3 10.4 15 18.2 19.9 23.5 26.3 29.7 33.7 36.2 41.1 43 46.8 48.4 51.7 53.2 58.2 60.6 64.4 66 68.1 73.4 79.2 82.4 85.2 88.6 93.8 96.6 102 105.5 109.9 114.3 116.1 120.6
int 35 143 224 242 206 70 46 277 172 43 247 191 147 148 298 20 299 295 9 183 185 263 294 164 8 100 67 30 290 268 276 212 50 111 38 257 0 5 8 13 18 23 27 31 36 37 39 41 45 49 50 54 55 59 61 64 66 67 71 72 77 79 84 89 91 92 96 101 102 103 107
double 35 1.8 19.8 15.7 28 9.2 17.3 24.2 17.7 14 23.9 2.3 29.1 15.4 5.5 20.2 5.9 22 24.9 3.1 26.3 26.5 13.5 9.6 3.4 13.3 7.1 12.6 29.3 26.6 12.5 13.7 19.6 23.5 5.4 9 1.1 6.7 12.1 17.4 18.9 24.2 26.9 32.2 37.1 42.8 47.7 53.4 58.5 60.5 63.4 68.7 71.2 77.1 82.6 87.4 91 96.2 100.4 104.6 106.4 108.6 113.1 118.1 120.1 125.5 130.2 133.6 135.2 140 144.5
double 36 16 28.2 6.3 18.3 23.2 18.1 16.1 12.8 7.3 22.7 12.1 17.2 27.7 4.5 24.8 2.8 15 4.9 27.3 23.8 28.8 2.2 27.5 5.9 2.5 20.2 0.2 0.6 9.4 20.8 5.6 17.9 26.6 10.1 22.3 7.6 3.4 7.1 12.6 17.2 22.8 26 28.5 30.7 35.8 38.9 41.2 43.5 47.5 51.2 54.1 60 62.6 68.4 72.4 73.8 77.3 83.1 85.4 88.3 94.2 95.2 98 101.5 105.8 111.1 114.6 119.6 125.5 126.9 132.3 137
int 36 228 59 267 157 66 95 195 29 181 77 184 99 207 246 151 158 11 229 68 170 136 258 203 15 75 17 86 16 208 261 112 177 296 97 52 205 1 3 6 10 15 18 23 25 26 28 31 32 36 41 46 47 49 52 54 55 56 58 63 65 70 71 72 75 80 81 85 86 89 92 95 96
int 37 134 2 138 118 78 86 205 284 182 278 251 135 110 282 298 181 137 171 49 292 113 271 58 150 65 270 98 280 206 10 246 223 25 214 283 80 177 5 9 13 14 19 21 24 26 31 32 37 39 41 44 48 51 53 55 60 61 64 67 70 75 76 80 83 85 88 91 95 97 99 103 107 112 114
double 37 27 1.1 15 17.5 10.3 5.7 16.2 18.8 23.7 22.8 5.8 24 9.8 0.5 16.3 29.9 13 4.7 14.8 22.9 27.9 2.9 12.1 5.3 25.9 24.7 28.5 26 24.6 1.2 22.7 6.1 23.9 26.4 26.7 14.9 3.9 6.7 11.3 13.3 14.6 19.5 21.4 27.2 30.8 33.5 37.1 40.6 46.3 49 51.8 56.9 61.8 67.2 72.3 75.9 81.5 83.5 85 90.9 92.6 93.8 98.7 101.6 102.6 105.1 106.4 110.3 116 118.5 123.5 128.5 130.6 136.1
int 37 181 112 4 194 114 59 260 176 123 117 208 263 154 129 168 87 63 203 162 265 3 130 89 127 52 207 145 147 253 12 125 91 33 175 213 167 85 6 9 12 16 18 21 22 26 31 33 38 39 44 45 50 55 56 61 62 67 68 73 78 83 88 91 96 98 99 101 104 105 108 110 113 114 117
int 37 157 257 248 235 70 246 249 116 54 123 118 147 196 33 65 189 2 136 81 149 72 170 35 113 264 104 220 297 77 269 25 84 109 154 263 296 79 9 10 13 18 21 22 23 27 28 33 35 38 42 47 50 53 57 58 60 61 66 71 76 77 80 82 83 88 92 95 99 102 107 108 111 115 119
double 38 20.7 10 8.8 15.7 25.7 16.7 18.3 10.3 4.3 9.8 10.9 22.1 24 29.3 12.6 23.9 7.3 8.5 14.9 8.1 16 12.8 4.8 28.2 20 17.2 8.2 16.6 0.5 22.8 24.2 1.6 7.2 29.5 8 10.8 19.8 26.3 0.2 1.6 4.9 8.8 9.8 11 16.8 20.4 23.7 25 28.8 33.3 36.5 38.5 43.7 45.9 48 52.7 55.4 57.1 58.9 61.3 63.7 67.2 70 72.3 74.7 76.4 77.8 82 84.1 88.7 93.4 98.5 101 106.4 110.2 114.9
int 39 252 209 140 80 274 234 276 177 100 187 43 122 17 132 195 206 151 193 213 73 159 78 86 150 83 202 69 295 59 275 50 219 240 268 297 53 56 24 203 7 12 14 16 18 19 22 24 26 30 35 40 41 43 45 50 53 54 57 61 65 67 68 72 73 74 78 80 85 86 89 91 95 99 101 106 109 110 113
int 39 117 57 118 81 41 275 198 12 95 32 15 115 130 253 120 169 181 140 122 192 203 124 40 210 279 84 218 82 119 258 13 96 176 243 193 197 16 207 237 6 10 14 18 19 20 24 28 30 33 36 39 42 46 49 50 53 58 60 61 64 65 69 71 74 79 83 85 86 89 93 94 95 97 100 105 106 107 111
int 40 284 179 56 253 290 68 208 174 177 223 211 5 213 10 205 97 90 79 121 88 160 113 82 185 13 111 182 199 230 17 19 53 254 60 292 295 145 293 259 238 1 5 9 12 13 14 16 21 25 27 30 31 33 35 39 43 46 51 56 57 59 61 62 64 68 69 72 75 76 80 84 88 90 92 93 97 99 100 104 107
int 40 283 296 262 27 118 33 196 41 122 126 107 225 85 207 245 288 103 68 223 184 259 2 228 200 90 84 216 51 176 208 261 169 111 181 19 235 135 295 78 231 4 8 9 12 16 21 26 31 32 37 40 42 43 48 52 57 60 63 67 69 73 78 83 86 90 94 99 100 102 106 110 113 118 120 123 127 128 131 136 140
double 40 17.8 7 6.1 17.9 22.4 17.5 9.2 20.9 7.9 15.6 28.2 20.5 7.7 0.4 22.1 18.8 10.6 28.4 27.4 16.8 15.7 24.6 29.2 18.4 6.8 3.8 5.7 8.1 5.3 25.3 18.2 29.5 16.7 23.5 6.9 13.7 9.6 4.7 6.4 27.5 7.3 9.4 12.7 15.7 16.8 20 24.3 29.7 33.1 34.3 36.5 42.4 44.3 49.6 55.1 57.2 62 67.7 73 78.8 83.9 88.8 91.4 94.7 98.9 101.4 104.4 105.9 106.9 111.1 115.8 119.9 123.7 126.5 127.5 133.1 135.4 136.9 142.7 146.8
int 40 178 47 239 213 263 19 105 270 271 99 89 50 179 126 28 176 131 230 298 78 117 134 15 195 120 96 247 174 23 231 31 237 86 27 57 278 218 32 252 18 1 5 10 13 15 18 20 24 28 30 32 33 36 41 42 44 45 46 51 55 59 62 64 69 74 79 82 83 86 88 90 93 94 96 97 101 104 106 110 115
double 40 5.5 10.1 20.6 24.6 18.2 8.2 10.5 12.8 7.4 2.7 15 4.7 0 7 13.3 28.5 2.3 14.8 12.2 22.2 21.3 1.8 16.5 1.6 12.4 6.9 22.9 2.6 19 27.5 19.9 27.2 14.1 0.6 23.8 10.4 19.1 10 3.6 14.6 9 10.8 12 13.8 15.5 18.6 20.6 22.6 24.8 30.6 32.3 35 40.3 43.7 48.3 50 52.8 54.9 58.4 60.7 62.2 64.6 68.4 71 75.2 78.4 80.6 83.8 85.8 91 96.3 98.5 100.7 104.3 109.6 112.9 118.2 123.4 124.5 128.6
double 40 5.7 7.6 2.9 11.7 23.9 0.6 10.4 4 5.1 4.3 3.1 15.1 28 23.5 15.5 10.1 1.4 25.9 8.7 2.1 10.6 8.9 18 6.3 9.5 0.9 7.5 17.5 24.6 5.6 29.5 15.6 16.5 5.3 20 29.2 6.7 7 13.7 28.6 5.5 9.9 11.1 13.9 17.1 21 23.4 25.8 28.1 29.2 34.1 37.4 39.3 40.3 44.4 49.2 54.4 55.6 60.1 65.1 66.1 71.9 76.3 79.5 83.7 89.3 91.2 96.5 99.8 103.2 108.9 110.6 113.2 117.8 119.5 120.6 125.6 128 133 136.8
int 40 299 107 152 155 142 167 117 210 263 182 248 110 52 84 45 290 285 273 188 75 77 48 119 207 54 111 172 66 246 32 242 138 7 63 253 262 102 189 265 90 6 10 15 19 20 22 25 28 29 34 37 38 42 45 50 53 57 58 63 66 71 75 80 82 85 86 90 94 99 103 108 113 115 120 123 126 127 129 131 135
double 41 11.4 3.7 26.4 8 7.8 2.2 0.1 17 4.1 18.2 20.8 19.7 29.1 1.9 5.4 23.6 19.5 24.2 3.5 28.7 1.8 26.1 18.1 12.9 15.6 16.4 18.8 14.5 3.4 5.8 6 21.6 17.3 5 18 26.5 29.3 24.8 8.6 13.9 27.6 8.8 13.6 19.1 20.6 24.3 27.7 29.5 31.8 35.9 41.8 44.8 50.7 55 60.2 64.8 66.5 71.1 75.4 79 84.7 89.3 94.4 98.6 102.9 104.3 106.8 109.2 113.8 115.8 121.4 124.7 125.9 128.4 130.5 134.3 136.4 142 147.5 153.1 157.5 161.9
double 41 18.8 21.5 22.8 8.5 23.5 22.4 2.6 21.7 13.4 14.4 8.3 11.8 12.2 19.3 21.4 4.4 27.6 13.3 21.3 26 4.5 24.1 22.1 10.2 15.9 13.9 24 14.9 17.1 14.2 2.3 4.9 15.1 0.9 1.4 0.6 8.4 15 16.1 26.7 11.5 0.8 3.7 5.6 7.3 12.2 16 17.4 21.5 27.2 30.2 33.1 37.2 39.3 43.8 49.5 52 57.6 61.5 64.7 67.1 70.4 75.7 81.3 82.6 86.1 91.1 95.3 97.4 102.5 105.9 111.8 113.3 118.6 120.9 122.4 125.7 128 132.5 133.7 139.5 144
int 41 172 190 196 18 241 73 52 17 244 269 284 111 43 149 29 223 67 3 189 88 221 135 287 293 239 19 255 59 173 295 117 200 26 220 164 94 142 297 127 201 148 7 8 13 18 23 25 27 30 33 35 40 41 45 48 50 55 56 59 63 67 68 73 74 78 83 87 89 93 94 97 99 102 103 105 109 111 115 117 122 126 131
int 41 166 113 140 214 45 82 249 250 200 129 59 174 267 266 286 65 246 46 61 270 36 273 98 23 62 155 167 105 104 101 208 127 71 17 180 44 158 136 78 135 177 6 11 16 19 21 26 28 31 32 34 36 40 42 43 47 51 56 58 62 64 66 68 69 73 75 78 80 84 86 90 91 95 99 102 105 110 114 116 117 119 121
int 41 112 28 136 194 246 244 261 235 108 39 280 263 5 41 187 6 139 69 256 279 212 84 44 93 228 133 275 233 46 50 80 198 225 68 32 295 250 217 186 0 117 3 6 8 13 18 23 26 30 34 35 40 44 46 47 52 54 55 58 63 64 67 69 71 76 78 80 84 85 87 90 91 93 98 101 105 108 109 110 115 120 125
int 42 32 272 238 289 125 51 79 162 257 185 194 265 127 299 251 137 213 254 108 17 294 34 3 6 159 155 151 172 292 40 295 237 101 233 168 296 184 144 122 281 211 285 0 2 7 8 13 18 20 25 27 31 33 34 37 41 45 47 50 53 56 61 66 70 72 74 77 79 82 87 89 90 92 93 95 97 99 103 105 109 110 115 116 117
double 42 24.7 6.9 5.9 28.4 8.6 13.9 26.7 2 27.4 0.6 1.7 5.1 0 9.3 23.4 17.5 12.2 4.1 0.9 17.8 5.4 19.2 13.1 11.5 19.1 25.9 28 22.8 23.1 3.7 4.8 8.7 9.4 3 18.8 18.7 19.8 5.3 22.9 11.4 1 3.3 0.2 3.3 7.1 10.6 15.7 21 26.6 27.8 33.2 37.1 38.7 42 43.5 45 50.2 55 57.7 61.6 63.8 67.6 70.4 73.2 78.8 81.2 86.7 91.6 93.9 98.8 104 107.5 108.5 110 115.7 121.5 124.1 127.3 131.9 133.7 135.4 136.8 138.1 141.2
double 42 4.1 0.6 9.4 20.7 7.7 14.7 1.5 22.5 28.5 4.8 7.8 10 6.3 25 12.2 8.2 9.6 2 19.6 26.5 8.3 0.8 12.5 19 22.7 2.2 24.2 18.8 26.6 13.5 25.7 9 23.2 3.2 9.2 10.6 21.6 14.6 27.5 26.7 14.1 12.1 9.3 14.7 20.6 21.6 26.4 29.4 31 32.2 35.5 38.1 42.2 46.2 47.3 51.1 56.6 61.1 63.4 68.1 70.7 74.6 76.2 81.4 85.2 89.5 95 96.1 100.5 106.4 109.4 110.4 112.3 118.1 120.8 125.4 128.9 129.9 132.8 137.7 141.5 145.2 146.3 148.5
double 42 21.2 5.2 29.1 16.9 3.4 15.8 11.6 19.5 28.6 25.1 19.9 5.7 2.3 17.2 0.3 2.4 29.5 17.7 12 14.9 3.5 17.6 29 8.1 23.8 4.4 24.1 20.4 7.6 9.2 0.2 11 10.8 20.2 20.7 22.6 1.6 0.4 0.7 19.8 26.8 21 6.1 10.9 12 14.6 17.6 21 22.2 26.7 28.2 34.1 37.6 39.8 45.7 49.4 50.8 55.4 59.8 62.7 67.6 73.2 78.7 82.2 86.6 91.5 96.8 99.4 103.1 108.2 112.6 115.4 118.1 121.1 123.7 127.8 128.9 131.2 134.6 137.1 140.7 143.9 149.1 153.1
