double 12 1.63 1.02 0.76 1.08 0.49 1.31 0.44 0.38 0.08 1.97 0.51 0.49
bool 12 1 1 0 1 1 1 0 1 1 0 0 1
char 13 a n s d q k o a t m o j c
int 13 12 11 20 4 11 1 4 11 12 10 19 7 20
int 15 14 9 18 11 4 17 10 12 15 12 5 7 12 11 3
double 15 1.59 0.47 1.77 0.62 0.1 0.19 1.5 1.77 1.41 0.36 1.2 0.99 1.12 1.59 1.56
char 15 f n r j q d b p s a j c o d d
char 18 i a k s m f i a d m d d m b j b g n
int 18 17 19 12 4 19 1 9 2 12 19 18 7 2 19 9 4 16 7
char 24 b s p t d d b s c h m l b p r j h l g a q m b t
double 25 0.03 1.07 0.22 0.13 0.95 0.51 1.83 0.98 0.57 0 1.56 0.89 0.01 0.99 0.1 0.74 0.95 1.28 0.91 0.47 1.81 0.93 1.2 1.68 0.15
bool 26 0 1 1 1 0 0 0 1 0 0 1 0 1 1 1 0 1 0 0 1 0 0 1 1 1 0
char 26 b e m h e e q o h i i e h p m q r f e o i n d k e k
char 27 f d g p k c p d f m j a n r q d n g m q c s l g o j c
double 27 1.11 0.36 0.62 0.6 0.69 1.14 0.78 0.66 1.57 0.99 0.5 0.19 0.98 0.43 1.68 1.76 1.01 0.46 0.88 1.2 0.81 0.49 1.11 1.47 0.44 0.76 1.96
char 27 a e a i k d d l d q o m j m c b p p l e k g n i g n t
double 28 0.42 1.85 1.71 1.49 0.54 1.68 0.6 1.96 1.59 0.73 0.98 0.85 1.48 0.19 1.67 1.04 1.33 0.29 1.9 0.94 1.66 0.31 0.11 0.69 1.58 1.99 1.57 1.45
char 30 j d i h l k p e l j a h d e s b h m m m q c l e a q h r a i
int 32 18 18 4 3 10 9 11 8 7 13 20 9 16 10 13 1 5 13 8 20 18 8 6 17 15 1 3 16 10 18 14 7
double 32 0.36 0.06 1.78 0.04 0.46 1.04 1.07 1.24 1.83 1.44 1.19 0.51 1.06 0.88 0.19 0.92 0.17 0.92 1.52 0.8 1.2 1.81 1.22 1.96 1.01 0.93 0.38 0.53 1.74 0.97 0.69 0.59
bool 33 0 0 1 0 0 1 0 0 0 1 1 0 1 0 0 1 1 1 0 0 0 1 0 0 0 1 1 1 1 1 0 0 0
double 34 0.05 0.39 1.57 1.4 0.17 0.83 1.85 0.34 0.4 0.2 0.95 1.81 0.53 1.19 1.71 1.28 0.92 1.28 1.06 1.86 0.26 1.63 1.76 1.61 0.56 1.62 1.53 0.39 1.67 0.6 1.82 1 0.3 0.2
char 35 t g e c h i c r o e q h r l m k e r q c q q l j h c q s g l r a c a b
bool 36 1 0 0 1 0 1 1 1 1 0 0 1 1 0 1 1 0 0 0 0 1 0 1 1 0 0 1 0 0 0 0 1 1 1 0 1
bool 37 1 1 1 1 1 1 1 0 1 0 0 0 0 1 0 0 1 1 0 0 0 1 0 1 1 0 1 1 0 1 1 0 0 1 0 1 0
int 37 7 2 12 4 15 5 16 11 14 10 11 1 17 20 13 18 10 18 4 13 5 3 16 4 16 13 12 5 6 4 13 9 1 3 19 14 6
int 39 4 15 9 6 7 13 16 19 1 14 17 12 7 13 15 15 13 4 17 5 11 4 13 4 7 2 20 6 3 8 14 19 11 4 16 9 19 9 16
int 40 19 18 15 7 16 12 19 1 1 9 9 4 4 15 18 4 3 13 13 18 1 9 14 10 16 9 11 3 17 4 10 18 10 15 3 15 8 17 12 9
int 41 3 3 18 12 16 2 19 3 5 5 10 6 4 18 8 17 1 13 6 20 11 10 19 4 2 7 20 3 17 19 15 5 10 13 10 12 6 20 6 5 6
bool 41 0 0 1 0 1 0 1 1 1 1 0 1 1 1 1 0 1 0 1 0 1 1 1 0 1 0 1 0 1 0 0 0 0 1 0 0 1 0 0 0 1
char 41 k f h e n l k l f k b p p d n t n l e s r p h d b l b c o p q j h p g c a f s i e
double 41 1.01 1.89 0.71 0.58 1.53 0.74 1.62 1.89 0.18 1.58 1.62 0.43 0.93 1.42 0.06 0.89 0.95 0.79 0.49 0.4 0.86 0.88 1.62 0.8 1.93 1.15 1.45 0.03 1.28 1.31 1.62 1.54 0.76 1.05 1.01 1.81 0.2 1.86 0.75 0.19 1.21
char 42 r l t r h t k j k i g e e l j a s n n b c l k r o m l f d h s t r q c l h n c m o a
bool 43 1 0 0 1 1 1 0 1 1 1 0 0 1 0 0 0 1 0 0 0 1 0 1 1 0 0 0 1 0 1 0 0 0 0 1 0 1 1 1 0 1 0 1
bool 50 1 1 1 0 1 1 1 0 1 0 0 1 0 1 1 1 1 0 1 0 1 1 0 1 1 0 0 0 1 0 1 1 1 0 1 1 0 1 1 1 0 0 1 0 1 1 1 0 1 1
bool 50 0 0 1 1 0 1 0 0 0 1 0 0 0 1 1 0 0 0 1 1 0 0 1 0 1 0 0 0 0 0 0 0 0 1 0 0 0 1 0 1 0 1 1 0 0 1 0 0 0 1
double 52 0.02 1.56 1.18 1.9 0.51 1.76 1.45 0.5 1.64 1.62 0 1.83 1.12 0.49 1.64 1.45 1.28 0.53 0.04 1.73 0.24 0.52 1.01 1.84 0.66 1.04 0.12 0.25 1.4 1.39 0.41 0.42 0.59 0.01 1.85 1.27 1.67 0.3 1.23 1.02 0.84 1.55 0.46 1.51 1.23 0 1.86 0.5 1.64 0.97 1.56 0.57
double 52 1.68 1.66 0.28 0.91 1.85 1.92 0.4 0.81 1.27 0.11 1.86 1.91 0.11 1.28 0.5 0.79 0.65 0.15 0.09 1.87 1.75 1.5 1.15 1.71 1.97 1.46 1.52 1.46 1.18 1.64 1.21 1.94 1.05 1.59 0.75 0.92 0.28 1.37 0.74 0.83 0.82 1.43 0.87 1.6 1.51 1.74 1.84 1.82 0.79 1.24 0.21 0.95
int 55 7 20 12 14 15 1 5 7 3 18 10 11 7 19 19 6 3 5 13 3 11 15 6 12 2 9 3 10 14 3 2 3 4 17 9 7 2 9 13 19 11 17 8 10 18 14 3 13 20 2 20 10 15 18 13
char 56 h k q n s i e t l k b g s h a j e q a d j b s k n a s l t b b c d c f r n q p s e j b h p q m a r a s l i d k n
int 57 14 14 5 2 18 3 1 6 13 19 19 5 6 5 18 17 18 14 10 12 18 6 8 2 11 14 15 7 18 10 20 11 6 12 15 14 8 6 14 13 6 11 10 14 15 13 7 8 1 2 6 1 9 12 8 14 16
char 58 p l l e o p t g t b t m f r e b g h e n k g g t l e b c b r a k r f f e e j o m a j e p l s q s c t i a a a o o a c
bool 58 0 1 1 0 1 1 0 0 1 0 0 1 1 0 1 1 0 0 1 0 1 0 0 0 0 1 1 1 1 0 0 1 1 1 1 1 1 1 1 0 0 1 1 0 0 0 0 1 1 0 1 1 0 0 1 0 0 0
int 59 15 7 17 11 11 12 18 19 12 19 5 11 8 15 18 1 20 7 3 2 18 9 8 12 9 19 15 15 18 1 3 1 12 1 20 13 18 19 19 2 6 17 17 1 17 4 14 3 10 13 15 6 11 6 1 15 3 18 3
int 60 4 4 3 1 16 17 20 8 6 6 6 9 11 5 9 9 20 9 15 16 16 19 9 10 16 1 18 15 12 14 9 4 19 7 12 11 19 7 18 19 12 2 15 8 1 8 14 15 18 18 16 2 6 2 5 11 7 3 15 8
char 61 f k k k k g q p t r c n d g k b c r t l k m f e k o o o a t i r l m s i b m h o e c o e a l o c e g p q g i n r b s t k i
double 61 0.29 1.31 0.52 1.55 0.87 1.42 0.61 0.93 1.96 0.05 1.97 0.3 1.94 0.07 0.09 1.08 1.8 1.94 0.24 0.08 0.8 1.01 0.32 1.77 0.17 1.07 1.59 0.22 1.14 1.84 0.11 0.8 0.25 0.8 1.11 0.99 0.09 1.54 0.38 1.77 1.52 1.57 0.04 1.54 0.77 0.08 1.93 0.08 0.43 1.57 1.65 0.55 1.7 1.15 0.27 1.39 0.17 0.39 0.88 0.7 1.02
double 65 1 1.92 1.39 0.82 0.99 1.73 0.96 1.55 0.27 0.14 0.35 0.93 1.61 0.69 0.87 1.52 0.34 0.84 0.32 0 0.03 1.76 1.58 0.62 1.32 0.57 0.63 0.03 0.1 0.13 0.65 0.07 1.85 1.38 0.26 1.63 0.84 0.43 0.39 0.61 1.12 0.69 1.68 0.82 1.87 0.42 0.91 0.42 1.1 0.11 1.05 1.9 1.59 1.3 0.5 1.22 0.59 0.65 0.46 0.91 1.63 0.43 0.41 0.48 1.92
int 66 13 14 10 18 6 18 9 10 5 3 13 7 8 9 9 8 12 8 20 15 13 9 16 20 18 16 4 19 12 7 8 14 15 16 6 11 14 17 2 1 1 15 8 10 10 8 6 15 5 15 12 6 17 20 12 17 3 13 6 3 2 14 2 11 12 18
double 67 0.61 0.86 0.73 1.41 0.24 0.64 0.15 0.09 0.72 0.45 0.23 0.8 0.65 0.78 1.12 1.08 1.26 1.63 0.64 0.85 0.76 1.94 1.09 1.65 0.56 0.81 1.78 0.35 1.59 0.89 1.97 1.66 1.08 1.14 0.86 0.72 1.16 1.14 1.85 0.59 0.36 1.68 1.61 1.32 1.16 0.02 1.4 1.43 0.33 1.95 1.61 0.13 1.74 1.67 0.41 0.69 1.8 1.4 1.74 0.02 1.66 0.42 0.88 0.91 0.33 1.53 0.13
int 67 9 20 4 3 4 19 5 17 15 10 12 16 11 20 1 17 14 8 6 19 11 6 20 8 19 17 14 2 10 7 10 16 2 18 19 16 8 20 8 9 1 20 12 19 20 12 14 13 7 14 20 15 4 20 14 13 2 16 16 8 20 20 2 18 10 4 14
int 67 13 2 16 19 16 18 18 3 2 4 3 10 19 19 6 2 3 13 17 1 1 11 1 18 11 20 18 8 10 13 14 12 12 20 8 5 20 13 3 5 17 6 8 16 20 2 5 3 19 12 4 20 7 18 20 19 1 11 6 11 1 8 6 3 2 3 16
bool 68 1 1 0 1 0 0 0 0 1 0 1 0 1 0 0 1 1 1 0 1 1 1 1 1 1 0 0 1 1 0 1 1 0 1 0 1 0 0 0 1 0 0 1 0 1 1 0 1 1 1 1 0 0 0 0 0 0 1 1 0 0 1 1 1 0 0 1 0
bool 68 0 1 0 1 0 0 0 1 0 0 1 1 1 1 1 1 0 0 0 1 0 0 0 1 0 0 1 1 1 0 0 1 0 1 0 1 1 0 0 1 1 0 0 1 1 0 0 1 0 1 0 0 0 0 0 1 0 0 1 0 0 0 1 0 0 0 1 0
double 69 0.51 0.05 1.1 1.66 0.25 1.35 1.15 1.85 0.31 1.8 1.59 1.49 1.76 0.18 0.37 0.72 1.49 1.26 1.16 0.88 0.92 1.25 0.87 1.99 1.14 1.72 1.63 0.67 0.54 0.42 1.42 1.35 0.28 0.36 1.87 0.25 1.53 1.95 1.51 1.84 1.38 1.62 1.63 1.61 1.67 1.29 1.46 0.38 0.48 0 1.55 0.24 1.4 0.96 1.27 0.01 0.29 0.25 1.69 1.92 0.31 0.22 0.86 1.08 1.79 0.48 0.79 0.15 0.89
int 71 4 16 6 6 3 15 3 13 19 14 1 16 7 13 2 11 5 11 6 7 10 8 4 12 3 20 14 9 20 4 7 1 13 11 9 19 14 18 17 9 6 18 19 10 5 3 2 8 20 4 17 9 2 2 8 12 3 12 9 18 9 17 11 19 9 9 6 14 19 8 11
double 73 1.22 1.62 0.89 0.8 0.58 1.06 0.32 1.2 1.16 0.45 1.38 0.46 0.38 0.06 0.5 1.41 0.86 0.65 0.69 0.43 1.44 1.88 1.01 0.82 1.02 1.52 0.45 0.27 0.88 0.55 0.84 0.12 1.62 0.73 1.93 1.5 0.76 1.94 0.4 1.77 0.38 1.65 0.14 1.75 1.59 0.51 1.45 1.81 1.04 1.83 0.76 0.74 0.36 1.28 0.57 1.4 0.88 0.94 1.06 0.24 1.83 0.62 1.93 0.72 1.41 0.05 0.01 0.43 1.79 1.51 0.21 0.96 1.74
int 73 18 15 9 10 7 14 13 1 17 18 12 18 1 18 9 20 11 14 10 5 6 20 4 16 5 13 18 7 4 5 13 10 8 10 11 19 4 17 19 20 19 1 6 16 4 10 6 19 8 3 2 12 10 20 18 5 9 14 5 20 10 3 14 8 14 10 9 15 20 5 10 15 20
bool 74 0 1 1 0 0 0 0 0 0 0 0 0 0 0 0 1 1 1 1 0 0 0 1 0 0 0 1 1 1 1 0 0 1 1 0 0 0 0 1 0 0 1 1 1 0 0 0 0 1 1 1 0 0 0 0 0 0 0 1 0 0 1 0 0 0 0 1 1 1 1 1 1 1 1
int 74 9 17 12 15 9 2 13 4 17 17 2 2 2 17 5 9 15 20 9 15 14 14 16 4 11 8 9 4 13 2 2 20 16 8 17 3 13 2 1 3 3 18 8 13 10 6 4 1 18 11 12 9 1 14 8 15 15 9 17 20 17 19 5 20 1 19 10 16 3 8 8 3 16 9
int 74 19 14 7 14 2 8 9 8 11 11 15 15 9 3 1 5 19 16 1 10 7 15 3 18 19 12 20 8 16 6 4 4 10 10 13 20 17 11 8 15 19 1 9 16 20 19 2 8 9 17 9 14 18 2 19 13 9 8 8 13 18 13 14 1 10 2 4 13 15 16 14 4 11 16
char 74 s i h q e e t r p r c i q s r t m i j q c b a l t g e s g s a k q h i c m k c s o r k n o j c h c r e c i d q d e j c l e h j h h i b d s m s j r i
char 75 o r j t r m p a m j t r t q r e j j n o q h s o i r a c e n o f k k g g b c m k e c m b r p s s m h k i t g r c t f j m b o o e e f j r m b r h j j c
char 77 m a t g h t o d h f f t k f s g m m a e d d i r f n f g n l t e t p n p l e t n p n r q e d h d a t l h o k o r p i s q a g r k c n i b q r r a q l n t e
double 78 1.64 1.35 0.11 0.87 1.42 0.42 0.71 0.6 0.43 1.94 1.26 0.39 0.53 0.86 1.06 1.98 0.76 1.93 1.17 0.69 1.68 0.07 0.85 0.33 1.67 0.7 1.21 1.07 1.69 0.62 1.68 0.09 0.89 1.59 0.63 0.25 0.81 1.32 0.74 1.92 1.19 1.88 1.38 0.02 0.66 0.42 0.98 1.33 0.8 1.23 0.26 0.23 1.97 1.84 0.49 0.42 1.33 0.76 0.53 1.24 0.35 1.35 1.98 0.72 1.25 1.93 0.6 0.1 0.59 1.87 0.54 1.79 0.66 1.33 0.07 0.67 0.92 0.26
char 79 l b d f s p j t g f c s k f r a r t m e e g l f f r s i q l i c t r a j d t m k j i e n l i i a h t f p q f n q f o e r g h n g g q q o d o b j r k o t n m k
char 79 p i c r g e p o h o q c e j l a o m q o f d r k k b e p m a g s i b r k p m t j m t i h o j j k t m n p n i r p e f n r b s i l l d f g d m a b i j i d p r d
char 80 b m s h q n i p f g s k q t n b a g r d h e n p t a p b b r l i q l r d t f a l l k s n t i o h j j f d o c o g b o p i a e g i b h n h t r n h j r g b o d f r
double 80 1.62 0.47 0.29 0.64 0.52 0.58 1.72 0.34 1.75 1.65 0.65 1.79 0.2 1.77 0.49 0.62 1.92 0.85 1.33 0.34 1.13 0.69 0.02 1.95 1.43 0.13 1.56 0.78 0.11 0.22 1.62 0.38 0.1 1.16 1.11 1.08 1.14 1.39 0.26 1.34 1.12 0.12 0.69 0.77 1.64 1.43 1.99 1 0.92 1.57 1.23 1.62 0.26 1.63 0.59 0.39 1.66 1.36 0.05 1.22 1.87 0.46 1.67 1.87 0.42 0.9 1.4 1.37 1.9 1.78 1.87 1.04 0.55 0.23 0.55 0.81 0 1.04 0.77 0.96
double 80 0.08 0.86 0.15 0.89 1.01 0.5 0.44 1.64 0.34 1.77 1.67 0.47 1.1 1.99 0.57 1.19 1.05 1.95 1.35 0.39 0.6 0.42 0.54 0.98 1.85 0.29 1.29 1.41 0.24 1.25 0.22 1.38 1.08 0.78 1.79 0.77 1.45 0.49 1.31 0.74 0.04 1.71 1.07 0 1.69 1.32 0.53 1.32 0.59 0.26 1.26 1.68 1.53 0.8 1.11 0.9 0.95 0.67 0.27 1.94 1.49 1.27 0.17 1.16 1.65 1.76 1.89 1.5 1.14 1.55 0.11 0.85 1.51 0.8 0.14 1.51 0.41 1.91 0.59 1.21
int 81 2 17 14 11 18 3 8 7 17 4 7 11 7 7 2 12 4 9 9 6 12 9 12 7 1 12 8 1 12 1 18 15 20 5 11 15 13 13 11 20 18 17 3 17 15 11 2 12 8 11 6 20 8 11 4 7 6 16 7 1 9 2 10 19 16 18 20 7 9 3 5 11 20 4 3 14 9 8 12 5 4
bool 81 0 0 1 0 0 1 1 0 1 1 0 1 0 1 0 1 0 1 1 0 1 1 0 0 0 0 1 0 0 0 0 1 0 1 1 1 1 1 1 0 0 0 0 0 1 0 0 1 1 1 0 1 1 1 1 1 0 0 1 1 0 1 1 0 0 1 0 0 0 1 0 0 0 1 0 1 1 1 0 0 0
double 82 1.5 0.07 1.43 0.99 0.96 1.37 1.74 1.33 1.99 0.31 1.41 1.15 1.03 0.17 0.33 1.15 1.81 1.1 0.83 0.61 1.01 0.28 1.95 1.49 0.99 0.49 1.32 1.25 0.15 1.13 1.95 1.07 1.75 0.08 0.28 1.14 1.41 0.91 1.8 1.26 1.76 0 0.27 0.03 1.06 0.63 0.53 1.43 0.5 1.27 0.67 1.19 1.47 1.1 0.39 0.95 0.7 1.49 1.84 1.43 0.94 0.78 1.73 1.48 0.69 1.74 0.49 0.56 0.27 0.56 1.81 1.63 1.58 1.53 1.22 1.12 1.18 0.66 1.76 1.45 1.99 0.72
char 82 i k m j o p r q q n n b m j a b e m a d k c m a f f s l c p n m g l q q q r a i p r s e s r g p d d l t b h n j r t a t j g l t c m f h i s s s b m r i n t n b f k
char 83 q h d k b h c k t n o l g t p j t j i c h j s e k m o s k m j s h q q r r r d q n i r k d j p t i t f p q k n m o g c q b s o f l j k n f i l h h j h s n j o a g o p
double 87 0.01 1.51 1.39 1.75 0.31 0.32 0.42 1.15 1.41 0.84 0.5 0.11 1.34 1.07 1.41 1.06 0.55 1.75 1.44 1.97 0.84 0.06 1.06 0.17 0.23 0.11 1.22 0.69 1.65 0.9 1.77 0.67 1.22 1.51 1.43 1.79 1.18 1.35 0.55 1.53 0.87 0.57 1.41 0.28 1.35 1.81 1.75 1.03 0.39 0.43 0.77 0.63 1.02 1.09 1.88 0.69 0.95 1.18 1.23 1.57 0.75 0.29 0.58 0.21 1.11 1.28 1.11 0.08 1.75 0.01 1.15 0.25 0.17 0.33 0.66 1.58 1.71 0.8 1.71 1.77 1.76 1.58 1.8 0.1 0.83 0.89 1.92
bool 88 0 1 1 1 0 1 0 0 0 1 0 0 1 0 0 1 1 0 0 1 1 1 0 0 0 1 1 1 0 1 0 1 1 0 0 0 1 1 0 0 0 0 1 0 1 0 0 1 1 1 0 0 1 1 1 1 0 1 1 0 0 1 1 1 1 0 1 1 0 0 1 1 1 1 1 1 0 0 1 1 0 0 1 1 1 1 0 0
int 88 8 12 9 4 18 15 17 6 4 13 11 6 10 2 3 15 19 3 19 18 3 5 19 17 18 18 2 5 10 4 17 3 19 15 9 14 2 9 7 18 7 3 18 18 19 4 1 6 7 15 15 18 9 18 14 8 8 9 4 20 16 11 6 2 7 9 5 10 7 18 17 8 4 19 13 7 7 16 18 4 14 17 3 3 2 5 8 6
double 89 1.49 0.49 1.03 1.15 1.54 0.33 1.33 1.19 0.56 0.78 0.08 1.96 1.29 0.45 0.58 0.99 0.46 0.55 0.49 1.52 0.41 1.57 1.32 0.91 1.54 0.72 1.23 0.26 1.7 0.15 0.58 1.36 1.57 0.89 0.56 0.51 1.6 1.42 1.1 0.88 1.06 1.11 1.84 0.49 0.54 1.72 0.52 1.06 1.27 0.57 1.87 1.09 0.49 1.75 1.71 1.62 1.86 0.59 1.84 1.64 1.6 0.13 0.2 0.8 0.1 0.56 0.87 0.08 0.92 0.27 0.11 1.49 0.48 1.43 1.11 0.85 0.95 1.67 0.02 1.54 1.71 1.42 1.91 0.79 1.53 0.84 0.3 1.84 0.71
int 90 10 3 16 10 20 2 6 6 13 10 2 9 16 17 20 12 10 1 5 7 6 18 5 14 11 14 2 2 6 2 4 8 2 3 3 17 16 5 14 16 10 18 1 19 14 16 19 1 14 7 3 9 13 6 12 11 12 10 4 7 14 12 20 16 7 1 2 1 16 9 20 11 20 5 16 17 17 19 16 20 15 19 7 20 6 2 7 18 5 17
bool 90 0 0 1 0 1 1 0 0 1 0 1 0 0 1 1 1 1 1 1 1 0 1 0 1 1 0 0 0 0 1 1 0 1 1 0 1 1 0 0 1 0 0 0 1 1 1 1 1 1 1 1 1 0 0 1 0 0 0 0 0 0 0 0 1 0 1 0 1 0 0 0 0 1 0 0 0 1 1 0 1 1 0 1 1 1 0 1 0 0 0
double 91 1.82 1.88 0.22 1.48 0.08 0.88 0.13 1.45 1.54 0.15 0.74 1.69 1.66 1.86 0.37 0.42 1.53 1.35 1.42 0.39 0.3 1.71 0.13 1.1 1.73 0.28 1.62 0.2 1.91 0.59 1.66 1.58 1.91 1.59 1.5 1.86 0.08 0.43 0.55 0.64 0.7 1.53 1.3 0.76 0.3 0.33 1.97 1.54 0.98 0.66 1.21 0.92 0.61 0.03 0.78 1.29 1.94 0.24 0.9 0.9 0.7 0.79 1.12 0.15 0.47 1.61 1.73 1.45 1.26 1.57 1.36 1.53 0.72 0.61 0.87 1.3 0.98 1.33 0.69 0.08 0.15 0.01 1.04 1.61 0.98 0.95 0.8 0.78 1.46 0.46 0.61
bool 91 1 0 0 0 1 1 0 0 1 1 1 0 0 1 0 0 0 0 1 0 1 0 0 0 0 1 1 1 1 1 0 0 1 1 1 1 0 1 0 1 1 0 0 0 1 1 1 0 0 1 1 1 1 1 0 0 0 0 0 1 1 1 0 0 1 1 1 0 0 0 1 0 0 0 1 1 0 0 0 1 0 1 0 0 1 1 1 0 1 0 1
int 91 3 18 13 13 18 4 6 8 15 11 13 10 6 10 3 20 11 4 6 17 9 18 17 10 14 8 12 16 5 3 11 18 15 2 11 18 5 18 20 20 18 3 3 10 4 18 5 6 15 7 9 20 5 16 16 18 5 19 16 18 15 1 20 9 15 11 11 18 2 16 17 8 6 19 20 17 3 2 4 19 20 8 10 16 15 12 5 13 6 6 10
double 93 0.4 0.24 1.81 0.86 1.92 1.1 1.64 0.22 0.45 1.77 1.17 0.81 0.5 1.68 1.33 1.53 1.56 1.21 0.88 1.4 0.12 1 0.34 1.37 1.73 1.57 0.4 1.98 0.52 1.86 1.62 1.73 0.99 0.76 0.32 0.79 0.11 1.04 0.61 1.96 0.07 0.49 1.33 1.99 0.54 0.96 1.46 0.96 1.61 1.92 1.83 0.91 1.93 1.53 1.52 1.79 1.25 0.23 1.58 1.75 0.36 0.27 0.15 1.28 1.28 0.16 0.74 0.7 0.53 1 0.26 0.27 1.15 1.44 0.99 0.76 1.6 1.56 1.53 1.25 0.82 0.49 1.73 0.56 0.34 0.83 0.51 1.87 0.07 1.25 1.85 0.09 0.9
double 93 1.44 0.69 0.87 0.72 1.87 0.45 0.23 0.28 1.33 1.36 0.96 1.78 0.36 0.8 1.93 1.76 0.31 0.76 1.39 1.03 1.11 1.22 1.14 0.16 1.61 0.46 1.72 1.7 0.78 0.26 1.72 0.29 0.76 1.81 0.65 0.95 1.95 1.34 1.86 0.07 1.49 1.48 1.71 0.35 0.16 0.57 0.24 1.91 1.05 1.16 0.36 1.47 1.28 1.31 0.05 0.94 1.11 1.23 1.69 0.88 1.62 0.98 1.58 0.45 0.84 1.57 0.81 1.67 0.02 0.61 1.95 0.56 1.27 1.73 0.65 1.16 1.41 1.65 1.5 0.5 1.27 1.32 1.95 1.71 1.25 0.31 1.73 1.16 1.25 0.01 1.32 0.89 0.15
int 94 18 11 16 3 7 18 2 12 15 14 4 4 15 18 14 19 3 13 1 15 17 9 19 5 18 17 9 17 8 9 2 3 4 20 2 17 10 12 14 8 17 15 11 2 9 9 7 20 7 20 11 2 18 17 18 4 13 20 17 12 13 11 20 19 20 6 9 13 4 1 17 6 19 17 17 9 2 14 16 12 6 8 8 3 19 15 10 9 8 4 20 9 13 6
char 94 b g h a s d a h g e k c t f a o f e q c f c b i g l g k b c s j n d t h o g c k s e b g h j g f t s e e s m s t j r f c e f b d a g q s a s e q b t j r b r i g a p r a c p p s r t b p l o
bool 95 1 0 1 1 0 1 0 1 0 1 1 0 1 0 0 1 1 0 1 0 0 0 0 0 1 1 0 1 1 1 1 1 1 1 0 1 0 1 0 0 1 1 0 0 0 0 1 1 1 1 1 1 1 1 0 0 1 0 1 1 0 0 1 1 0 0 1 0 0 1 0 1 1 0 0 0 1 0 0 0 0 0 0 0 1 0 1 1 1 1 0 1 1 0 0
char 95 i o o m s c e j l q f t n n i i r t i m o k m j a a o o q r a m h r d c r m p g l n n n t s g k d c j p t p k t a i r n q e d h j q q g a m b l s j e p g l j m f h i s g k n f p n l t f h q
bool 97 1 1 1 1 1 0 0 1 1 1 1 0 1 0 1 0 0 1 1 1 0 1 0 0 0 0 1 0 1 1 1 1 1 0 1 0 1 0 0 0 1 1 1 1 1 0 1 0 1 0 1 0 1 0 1 0 0 0 0 1 0 0 1 0 0 0 0 1 1 1 0 0 0 1 0 1 1 1 0 0 1 1 0 1 1 0 0 0 0 0 1 1 0 1 0 1 1
char 98 c m o d k g s o a f q b a d r i m b t i d b h h s k a p p d k t f k r r q f n t a f c k k k s c i r m o e e f o l n s j g a d q c h s n q b c g h f f h f i d i d e t c i a k e g q l q i b j l b t
int 99 12 2 3 1 4 7 5 3 15 17 14 13 8 14 19 3 19 19 9 9 5 19 17 6 13 3 17 8 17 10 17 16 8 4 18 9 1 16 6 11 17 10 16 13 2 15 11 12 20 6 14 17 19 1 5 10 3 14 16 18 8 9 2 8 3 5 9 11 6 4 17 4 13 10 7 5 1 8 3 5 12 14 13 14 4 13 6 10 11 11 18 2 15 6 12 19 13 5 12
char 101 b i a q c p b j r i h a p e e o h k j e d h c n n m l h j k c n c e e f i s f c m s e c q t q l f t p m q b s i a o e c m r t f e p t e n t c i l f e s s k l a f p n o t l s r s b c m a j n n m o g k g
double 102 1.46 0.41 1.73 0.3 0.97 0.8 1.28 1.25 1.79 1.71 0.35 1.46 0.87 0.21 0.31 1.45 1.35 1.96 1.3 1.81 1.63 1.58 0.48 0.24 1.96 1.58 0.84 1.36 1.74 1.51 1.67 0.28 1.12 1.91 0.53 1.71 1.74 1.01 0.52 0.76 1.11 1.69 1.96 0.06 0.47 1.71 0.79 1.25 0.83 1.22 1.43 1.63 1.89 0.67 1.72 0.24 1.17 1.21 0.57 1.62 1.93 0.76 1.56 0.9 1.28 1.58 1.38 1.77 0.35 1.36 0.31 0.38 0.22 1.5 1.04 1.52 0.04 1.54 1.85 0.44 0.7 1.96 0.97 0.12 1.48 1.58 1.99 1.69 0.2 0.22 1.88 0.64 1.69 1.58 0.71 0.94 0.81 0.08 0.2 0.27 1 0.91
bool 103 0 1 1 0 1 1 1 0 0 1 1 0 0 0 0 0 0 0 0 1 0 1 1 0 1 1 1 0 0 0 0 0 1 1 1 0 0 0 0 0 0 1 0 1 0 1 0 0 0 1 1 1 0 1 0 1 0 0 1 0 1 1 1 1 0 1 1 0 0 0 1 1 0 0 0 1 1 0 0 0 1 0 1 1 0 1 0 0 1 0 1 1 0 1 1 0 1 1 1 0 0 0 1
char 104 t r t m e a d c b m g r e o s m f f b p i f g d l p a o d h a c t p s e f n p m f j d k h e g q l g k r r t d c o j q s d e f t d m f c c c a c t e o g a b r r m p a r l t i i f j i q g t l t i o f j e m m d
int 106 7 7 20 11 10 5 17 13 8 14 10 17 7 7 19 1 18 2 9 15 7 2 6 4 13 5 3 20 15 20 12 3 8 10 11 18 19 1 2 19 1 8 14 11 6 12 5 4 4 13 1 4 17 11 14 8 2 5 6 9 9 3 17 12 6 6 14 13 2 9 8 13 2 17 12 12 2 10 20 8 12 4 7 8 1 3 1 6 11 20 7 11 3 2 7 1 15 3 3 18 20 3 9 13 5 15
double 106 0.11 0.98 0.88 0.78 1.85 1.44 0.2 1.99 0.98 0.11 0.18 0.4 1.39 0.62 0.22 0.79 1.41 0.38 0.19 0.55 1.65 0.43 1.33 1.72 1.17 1.34 1 1.09 1.86 1.06 1.2 1.38 0.28 0.23 1.03 1.15 0.91 0.27 0.76 0.45 1.54 1.45 0.32 0.66 0.72 1 1.66 0.47 0.37 0.31 0.66 0.55 1.49 0.55 0.74 0.8 1.07 1.97 0.21 1.72 1.09 1.12 1.65 1.03 0.03 1.91 1.04 1.09 0.47 1.9 0.3 0.24 1.92 0.68 1.44 0.38 1.22 1.23 1.78 1.81 1.76 0.15 0.21 0.67 1.03 0.67 1.98 1.9 0.46 1.53 0.57 0.03 1.14 0.06 0.38 0.3 0.2 0.37 0.96 0.64 1.49 0.42 1.33 1.6 0.94 1.71
char 109 o e n q c i i g o o d i e p n a o l b j g s n g m d s f o f p a d s m c g i g j a d r l o t c n j q n r c d n n n q e p l r m a p i n c s i c a s d l s n m t j d g l b o p d q j c m h c g p m d o i b i s c i k a t t s
