int 10 6 9 12 15 18 2 14 9 5 9
int 10 9 9 14 19 2 16 14 6 15 4
int 13 12 11 20 4 11 1 4 11 12 10 19 7 20
char 13 k e p r l k g k n n f a c
int 15 14 9 18 11 4 17 10 12 15 12 5 7 12 11 3
char 17 o a b k i l e j p j k m d f t k l
char 19 q o r b b s f m a l b c e p p m d c n
bool 23 1 0 1 0 1 1 1 1 1 1 0 0 1 0 1 1 1 0 1 0 0 1 0
bool 25 1 0 1 1 1 0 1 0 1 0 0 0 0 0 1 1 1 0 1 1 0 1 0 1 1
char 25 b t e c k r i l d e m f s m h r p h b c r e i n p
double 26 0.43 1.73 0.8 0.36 0.02 1.64 1.7 0.01 1.87 0.4 1.08 1.55 0.05 1.87 0.14 0.01 0.65 1.99 1.59 0.57 1.9 0.43 0.82 0.82 1.03 0.39
int 26 10 4 16 9 19 8 10 15 2 18 18 1 10 13 3 4 3 2 13 8 8 9 8 14 13 2
char 27 f d g p k c p d f m j a n r q d n g m q c s l g o j c
bool 27 0 0 1 1 1 1 1 1 0 0 0 1 1 1 1 1 0 1 0 0 0 0 0 0 0 0 0
bool 27 0 0 0 1 0 0 0 0 1 1 0 1 1 0 0 1 0 1 1 0 0 1 0 0 0 0 0
char 29 o j a b a p c t f p p k i j f r g c f o n c b m q g g k b
bool 30 1 0 0 1 0 0 1 1 1 0 1 0 1 0 1 1 0 1 0 1 1 1 0 1 1 1 0 1 0 0
int 32 1 3 12 17 18 17 10 7 19 18 2 1 13 8 9 14 4 13 16 17 12 18 15 2 2 18 13 2 7 17 13 6
bool 32 0 1 1 1 0 1 1 1 0 0 0 0 1 0 1 1 1 1 1 0 0 1 0 0 0 1 0 1 1 1 1 0
int 32 16 15 20 8 8 19 7 2 14 2 4 13 17 9 6 10 10 7 20 5 1 16 3 5 19 12 17 15 1 14 5 15
bool 33 1 0 0 1 1 1 1 1 0 0 0 0 1 1 1 1 1 1 0 0 1 0 1 1 0 0 0 0 0 1 1 0 1
bool 34 0 1 1 0 0 0 1 1 1 0 0 0 1 1 1 0 1 1 0 0 1 1 0 0 0 1 1 1 1 0 1 1 1 1
bool 34 1 0 0 1 0 0 0 0 0 1 1 0 1 0 1 0 0 1 1 1 0 0 0 0 0 0 0 1 1 0 1 1 1 0
double 34 1.14 1.62 0.67 0.38 1.38 0.92 1.19 1.43 0.26 1.34 0.06 0.5 0.26 1.6 1.69 0.91 0.15 0.71 1.66 1.41 0.39 0.84 1.12 1.25 0.61 0.4 1.19 0.06 0.4 0.96 1.41 1.59 0.1 0.72
char 35 b q k j f m l j n n p p n b i k p j c h f a h n f d q i m r o n t o a
int 35 16 8 4 7 8 7 5 15 9 17 7 3 12 3 2 10 1 14 13 12 1 11 14 20 7 17 8 12 19 1 10 1 17 1 9
bool 37 1 1 1 1 1 1 1 0 1 0 0 0 0 1 0 0 1 1 0 0 0 1 0 1 1 0 1 1 0 1 1 0 0 1 0 1 0
bool 39 0 1 0 1 0 0 0 0 1 0 0 0 1 1 1 0 0 0 0 0 1 0 0 0 1 1 1 1 1 1 1 1 0 0 1 1 0 1 0
char 40 o f d c k p e b k s q e h l f d e m j f d l g t g l e s s o s q d a m p n s n e
bool 40 0 0 0 1 0 1 0 0 0 1 0 1 1 1 0 0 0 1 0 0 0 1 0 0 1 0 1 0 1 0 0 0 0 1 0 1 0 0 1 0
int 40 11 20 11 17 6 15 4 9 13 19 5 10 2 7 6 10 20 5 17 10 8 20 14 11 14 9 17 19 8 6 4 3 8 4 4 3 17 15 12 18
double 41 1.72 1.99 0.91 0.37 1.86 1.66 0.43 0.2 1.29 1.99 0.76 1.13 0.79 1.44 0.35 1.96 1.32 1.97 0.82 0.46 0.83 0.35 1.83 1.15 1.21 1.26 0.23 0.47 0.15 0.28 1.28 1.87 1.7 1.44 0.07 0.99 1.34 1.62 0.47 0.16 0.85
bool 42 0 0 1 0 0 1 1 0 0 1 0 0 1 1 0 1 0 1 1 1 1 0 1 1 1 1 1 1 0 0 1 1 0 1 0 0 1 0 0 1 1 0
double 43 0.44 0.91 1.27 1.39 1.54 1.88 1.65 1.23 1.84 1.5 0.32 0.23 1.51 1.53 1.69 0.49 1.12 1.95 1.33 1.43 1.79 1.87 1 0.44 0.72 1.43 0.79 1.53 0.56 0.16 1.21 1.22 1.24 1.96 1.67 1.48 0.03 0.57 1.75 0.04 0.68 1.21 1.83
bool 44 0 1 0 0 0 0 1 1 0 1 0 1 0 0 1 1 0 1 0 1 1 0 0 1 1 0 1 0 0 0 1 1 0 0 1 1 0 1 0 0 0 1 1 1
char 45 m j n m e g p c h n k c n h l m r i l a j m l n j n h f b a g g j s e f k d h n b m a r f
bool 46 0 0 1 1 0 1 1 1 0 1 0 0 0 0 0 1 1 1 1 0 0 0 1 0 0 0 1 1 0 0 1 1 0 0 0 0 0 1 0 1 0 0 1 1 0 1
double 46 1.57 1.93 1.2 0.39 1.97 1.77 1.29 1.95 1.35 0.01 0.35 0.89 1.66 0.26 0.68 1 0.95 0.5 0.69 0.21 1.02 0.32 1.19 0.54 0.76 1.97 0.85 0.17 1.4 1.16 0.78 0.33 1.07 1.55 0.49 0.57 0.08 0.02 1.46 1.08 0.54 0.19 0.25 0.53 1.57 0.82
int 47 3 7 14 15 18 4 5 13 19 1 2 18 1 14 11 10 19 14 5 4 7 19 17 20 19 3 2 6 9 20 4 4 4 9 12 4 18 9 10 17 14 10 10 20 3 5 8
int 47 4 12 6 10 12 10 2 11 14 8 6 1 2 2 2 20 15 7 18 20 1 11 15 16 12 5 11 1 5 19 12 2 18 10 2 2 7 8 13 20 6 10 1 11 11 3 8
bool 50 1 0 0 1 0 1 0 1 0 1 1 0 0 0 0 1 1 0 0 1 1 1 0 1 0 0 1 0 0 0 1 1 1 1 1 0 0 0 0 0 0 1 1 0 1 0 1 0 0 0
int 52 10 13 6 13 7 5 11 18 16 10 4 14 11 2 2 2 11 13 4 17 13 1 19 3 8 9 11 6 19 1 6 11 10 3 4 14 3 18 13 16 14 11 16 19 9 10 11 18 5 15 2 5
double 53 1.6 0.59 1.7 1.24 1.52 1.29 1.01 1.56 0.97 0.9 1.99 1.31 1.26 0.38 1.06 0.96 1.84 1.43 1.26 0.12 0.72 0.47 1.14 1.59 1.58 0.65 1.17 1.22 1.75 1.72 1.49 1.75 1.14 1.55 0.85 1.81 0.44 1.25 0.47 0.67 1.41 0.96 1.55 0.53 1.71 0.7 0.66 1.37 1.7 1.04 1.82 1 0.85
double 53 1.77 1.09 1.09 1.97 1.42 0.15 0.75 1.16 1.69 1.52 1.54 1.99 0.07 1.88 1.59 1.01 0.73 0.9 0.93 1.32 0.16 0.1 0.62 0.24 0.06 0.47 0.36 1.76 1.05 1.63 1.74 1.32 0.2 1.47 0.9 0.41 0.22 1.82 1.27 0.78 0.64 1.18 0.23 1.73 0.19 1.13 1.19 1.55 0.79 1.69 1.55 1.89 1.07
bool 53 1 1 1 1 0 0 0 1 0 1 0 1 0 0 1 0 0 1 0 1 0 0 0 1 0 0 1 0 1 0 1 1 1 1 1 1 1 1 0 1 1 0 0 0 1 0 0 0 0 1 1 0 0
int 54 13 18 18 14 19 20 19 6 20 2 15 7 1 3 11 17 14 2 4 19 20 8 1 8 9 5 2 19 13 4 11 5 4 19 4 9 3 11 9 17 3 6 20 16 1 14 5 11 8 8 13 16 12 7
bool 54 0 0 0 1 1 1 0 1 0 1 1 0 1 0 0 1 0 0 1 1 0 1 0 0 1 0 0 1 0 1 0 0 1 1 1 1 0 1 1 1 0 1 1 1 0 0 0 1 1 0 0 1 0 0
int 55 6 4 18 10 18 18 2 17 15 14 10 8 1 15 13 6 14 6 5 2 1 10 10 13 19 8 6 14 11 19 20 19 6 6 7 1 15 18 5 10 12 5 1 5 11 20 7 5 15 9 8 19 20 7 5
int 57 11 10 9 11 1 3 17 18 1 6 10 3 11 19 18 16 1 4 2 5 13 12 7 7 10 20 18 20 9 17 18 4 16 10 16 3 20 20 10 18 17 16 10 15 20 14 18 12 13 10 19 1 19 6 1 14 7
double 57 0.02 0.79 1.27 0.66 0.51 1.06 0.32 1.17 1.69 0.55 0.69 0.27 0.01 1.35 1.6 1.24 0.3 0.02 0.36 0.09 0.5 0.86 0.21 0.25 1.87 1.18 1.62 1.04 1.61 0.19 0.14 1.15 0.51 1.63 1.66 0.72 1.74 1.39 1.94 1.64 1.38 0.85 1.77 0.85 0.49 1.39 1.32 1.68 0.75 0.08 0.61 1.24 0.23 1.86 0.65 0.38 1.28
int 57 2 6 5 8 8 11 9 13 19 6 11 18 8 6 7 6 8 19 18 8 18 8 4 17 18 1 4 20 6 13 12 19 15 20 5 13 5 16 2 16 4 5 13 15 4 9 14 13 16 10 18 9 6 13 15 4 18
char 58 h k d r f n d g j h o p o q d c f i d r t g f g l i e s c h h l g b k a g g r f p e o l k f d j q j c a f o k e h g
double 60 1.08 0.39 0.27 1.67 0.15 1.3 1.97 1.81 1.59 0.94 1.54 1.34 1.69 0.2 0.58 0.84 0.13 1.66 0.97 0.03 1.32 0.54 0.04 1.81 1.73 0.79 0.29 0.69 1.86 1.51 0.07 0.94 0.25 1.37 0.05 1.32 0.67 0.92 1.15 0.34 0.75 1.52 0.03 0.86 1.21 1.93 1.5 1.51 0.73 0.84 0.21 1.28 0.07 0.98 0.01 1.26 0.98 1.44 0.25 1.11
int 61 1 17 10 2 6 19 12 17 5 7 7 7 2 17 16 4 15 15 3 10 15 3 19 6 4 14 15 16 4 16 2 19 10 4 15 15 12 3 12 10 19 17 3 3 11 16 9 5 13 15 15 10 3 6 17 4 1 6 9 15 1
int 63 15 19 19 15 5 18 13 18 17 19 10 14 12 1 20 17 16 20 17 11 19 10 8 14 18 8 14 18 15 10 19 16 16 7 19 20 6 1 14 16 18 6 6 19 5 20 19 19 1 2 3 10 11 13 16 4 11 16 16 12 4 9 4
char 63 m f c j o e g c k s r n i g e p h n n k b f q o d p g m m k c l q n c e r q h k t i e e q o o k c j i s d q n n i o i q m t n
char 64 l s p m q b b q k r n n f s a r e e s s r m c f r i m t a s q o p t t c i g l a c l g t r n f l d q j i c q h e p p b j s l c j
char 65 i p t n m f s r d d i c l o p j a n t j j r f j h a o b b n s c d n e l f d a n q d f p s j s i e q m r s d t g h i s g o c g t j
int 66 12 10 6 4 2 1 13 12 6 12 14 9 7 9 5 5 19 6 13 5 20 17 4 9 15 17 3 6 6 4 1 7 17 10 4 20 15 14 5 13 12 18 16 4 8 14 4 3 10 12 19 18 8 7 14 9 4 1 14 5 15 2 6 6 9 18
double 67 1.59 0.26 0.98 1.78 0.96 1.76 0.17 1.83 1.36 0.65 1.62 0.27 0.26 1.84 1.33 0.75 0.33 0.14 1.08 1.44 1.38 0.88 0.58 0.39 0.37 1.28 1.9 0.63 1.33 0.31 0.44 0.27 1.51 1.31 0.32 1.54 1.42 0.63 1.39 0.89 1.85 0.76 0.71 0.34 0.53 1.75 1.68 1.12 0.39 1.69 1.55 1.02 0.09 1.14 1.39 1.16 1.07 1.95 1.1 1.82 1.52 1.01 1.98 0.78 0.65 1.86 1.65
bool 70 0 1 0 1 1 1 1 1 0 0 1 1 1 0 1 0 1 1 0 1 0 1 1 1 0 0 0 0 1 1 1 1 1 1 0 1 0 1 0 1 1 0 1 1 0 0 0 0 1 1 1 1 1 1 1 0 1 1 0 0 1 0 1 1 0 0 1 0 1 0
int 71 16 19 5 5 8 4 4 14 11 3 18 16 16 7 12 9 5 12 15 3 12 15 20 18 19 13 4 5 1 2 14 17 6 9 9 2 9 1 3 2 7 13 11 11 18 15 8 14 4 4 17 14 4 5 3 2 15 19 2 16 5 12 16 20 13 3 8 3 12 5 14
char 74 l k a e r a n b t e p j a e s r r i q j o n i k r t h l j b h b s e g m j m s a d s c j b q s l t r f n r m i i r a m q i m q i b i f h i o k f c n
int 75 6 3 7 1 18 16 20 15 2 18 16 14 20 16 16 16 9 8 14 6 6 18 17 19 18 13 9 4 13 20 19 11 7 4 15 5 13 15 17 18 11 3 10 9 8 20 12 2 10 5 4 3 19 20 16 2 2 15 17 5 16 19 4 3 10 15 7 3 10 4 17 17 12 6 17
char 75 j k s l h h t r r c d k g o n i b k k m p f l t e b j q l l t s l h i o m i r p r o j r m o e s g d j q n k r o p h g q c l e f s g f a r m o b g c s
char 75 b j a i c e d p e n e l f t l r f d r b j n h g i c h i j g b j h l d m g m p d p h e r r i e q h d a q f g j r m m s a j d i c l b r m d f a g r n e
int 76 4 4 12 14 11 1 2 11 7 17 14 20 9 2 13 19 2 18 6 8 16 15 8 16 17 6 3 1 12 10 12 11 14 14 9 6 9 2 19 6 15 18 1 13 15 8 12 5 10 3 18 3 3 5 11 15 19 11 9 7 14 10 11 14 11 11 17 20 1 12 18 4 3 19 19 10
bool 76 1 1 1 0 1 1 1 0 1 1 1 1 1 0 1 1 1 0 0 0 0 0 1 0 1 1 0 0 0 1 0 0 0 1 0 1 1 1 1 0 1 1 1 1 1 1 0 1 0 0 1 0 0 1 1 1 0 1 1 1 0 0 0 0 1 1 1 0 1 1 0 1 0 0 1 1
int 76 5 6 3 12 17 2 3 12 18 15 5 16 8 9 20 9 12 15 17 14 8 9 16 20 14 9 1 12 13 13 10 4 13 9 7 14 2 15 8 19 19 1 20 11 15 14 20 20 19 15 5 7 18 13 1 5 4 8 16 9 11 11 20 14 12 17 5 12 8 20 14 10 19 10 1 4
bool 76 0 0 0 0 0 0 1 0 0 1 1 1 1 1 1 1 0 1 1 1 0 1 0 1 1 1 1 0 0 0 0 0 0 1 1 0 1 0 0 0 0 0 1 0 1 1 0 1 1 0 1 1 1 1 0 1 1 0 0 0 0 0 0 0 1 0 0 1 0 1 0 0 1 1 1 0
char 77 f m i l e c t n t g g q m d h d i a n j k t k a s d o n t q j d r e g n k k l l m m q c f p f j t l s f k p j j b b q c e t g p i f s f f e d c j m q r b
double 78 0.93 1.93 1.89 0.33 1.19 1.5 1.64 0.49 1.85 0.41 0.8 1.6 0.89 1.52 0.17 1.09 0.28 0.41 0.09 1.87 0.26 1.83 0.31 0.91 0.41 0.04 0.99 0.37 0.79 0.47 1.48 1.84 0.34 1.03 1.19 1.57 1.6 0.17 1.51 1.63 1.52 1.13 1.09 0.99 1.05 1.69 0.45 0.9 1.61 1.14 0.85 1.55 0.18 0.45 1.77 1.73 0.47 0.84 1.22 1.79 1.62 1.25 1.76 1.66 1.27 1.29 1.84 0.61 1.63 0.27 0.74 0.87 0.44 1.6 1.37 1.27 0.53 0.88
char 78 m f r a q f g g s i b o r o j d l o l e o d q p i p a b g q b a l b b h s l l f k h o n a d t a b m n l j i a e h m e b m d j s f a p t o t g g c t k j j q
bool 78 1 0 1 1 0 1 0 0 1 0 1 0 1 1 1 0 0 1 0 1 1 0 0 1 1 0 1 1 1 0 1 1 0 1 0 0 1 1 1 0 0 0 1 0 0 0 0 1 1 0 0 0 1 0 1 1 1 1 0 1 0 0 1 0 1 1 1 0 0 1 0 1 0 0 0 0 1 0
double 79 0.55 0.8 1 0.94 0.04 1.45 0.91 0.9 0.22 0.42 1.35 0.99 1.56 1.72 0.68 1.94 1.98 0.2 0.39 1.06 1.26 0.89 0.31 1.84 0.91 1.05 0.69 1.19 0.7 0.54 1.72 0.01 0.6 1.39 1.98 1.38 0.55 1.12 0 1.19 1.93 1.2 0.64 0.23 0.53 1.75 0.12 1.16 1.64 0.07 0.47 1.24 0.53 1.58 1.22 1.14 1.99 0.72 1.11 0.34 1.64 1.96 0.72 0.15 0.96 0.79 1.26 1.25 1.79 1.59 0.89 0.53 1.63 1.26 0.76 0.73 0.49 1.85 0.91
bool 79 0 0 0 1 1 1 1 0 0 1 1 0 1 1 0 1 1 0 1 1 0 1 0 0 1 1 1 0 1 1 1 0 0 1 1 1 0 1 0 1 0 1 1 0 0 1 1 0 0 0 0 1 1 0 0 1 0 1 0 0 0 0 0 1 0 0 1 0 0 0 0 0 0 1 0 0 1 1 0
char 79 l b b j c h s c c l i h t k g h g i t k s l a q e t j d q e t i l r o s q e k b b j j n l f h f a p g g f b b m n o h f j n d e a d o l a h j k p a k j d g t
double 84 1.63 1.08 0.31 1.66 1.29 0.07 0.35 1.08 1.35 1.71 1.59 1 0.17 1.34 1.38 1.23 1.82 1.67 1.71 0.23 0.31 0.55 0.5 1 1.8 1.17 1.89 0.63 1.03 1.95 0.31 0.19 0.54 0.51 1.62 0.55 1.08 1.2 1.14 1.64 1.72 1.74 1.32 1.06 1.17 1.23 1.06 0.26 1.99 0.25 1.04 1.76 1.98 0.9 0.51 1.61 1.95 1.37 0.78 1.3 0.12 0.23 0.6 1.9 0.74 1.89 0.87 0.49 0.66 0.59 0.96 1.37 1.8 0.3 0.76 0.22 1.39 0.72 0.61 1.91 0.13 0.91 0.44 1.11
int 84 10 4 7 4 16 2 5 10 2 19 11 19 6 2 6 11 1 15 3 1 11 12 12 18 14 1 5 8 17 3 4 6 8 17 6 19 20 6 11 11 15 14 20 6 19 6 10 17 11 17 16 3 20 7 9 9 13 4 19 15 15 14 4 1 20 20 3 11 12 18 6 5 15 15 17 19 15 15 5 3 12 8 5 14
int 85 3 6 8 4 19 11 6 19 16 19 10 7 2 12 9 16 3 18 14 3 15 16 12 11 9 20 3 5 3 15 19 3 13 20 17 13 15 18 12 13 7 16 16 8 18 14 16 14 15 14 20 3 2 4 9 3 18 8 14 4 16 2 15 16 3 12 2 6 6 9 14 11 11 8 13 5 10 11 11 10 20 2 8 7 19
double 87 1.1 0.3 1.6 1.21 1.8 1.21 0.69 0.28 0.7 0.1 0.64 0.48 1.18 1.85 1 0.99 0.96 1.5 0.65 1.98 0.31 1.85 1.9 0.13 1.65 0.51 0.66 0.83 1.5 1.42 1.55 0.64 0.18 0.5 1.17 1.51 0.47 1.63 1.16 1.37 0.94 0.04 1.36 1.62 1.39 1.58 0.08 1.24 0.04 0.05 0.07 1.25 1.13 0.86 0.32 0.18 1.07 0.04 1.49 0.52 1.66 1.45 1.27 1.56 0.52 0.67 1.18 0.93 0.45 0.76 1.02 0.71 0.4 1.82 0.39 0.79 0.66 0 1.09 1.24 1.12 1.51 1.52 0.03 0.24 1.59 0.57
int 89 16 14 16 2 8 4 2 7 12 19 12 16 7 14 7 18 18 9 18 17 13 16 2 7 1 9 15 15 11 12 5 6 16 9 11 17 17 5 14 6 6 5 4 1 19 9 15 17 20 13 3 20 17 4 11 14 16 11 6 15 18 7 5 17 20 16 9 6 4 8 20 14 19 1 20 11 12 1 9 15 3 8 11 1 4 17 20 10 4
int 92 2 7 5 7 13 16 3 5 1 11 10 5 4 6 1 16 10 17 20 9 9 12 13 2 12 17 8 1 18 2 7 7 18 9 15 12 2 11 7 4 2 1 1 14 5 1 10 18 15 12 11 1 8 7 14 7 15 15 18 6 13 8 13 1 4 6 17 10 15 1 8 1 10 16 1 1 9 3 10 1 17 10 13 5 16 8 10 19 14 17 13 9
bool 92 0 1 0 1 0 1 0 0 0 1 1 1 1 0 0 1 0 0 0 0 1 0 1 1 0 0 1 1 1 1 0 0 0 0 1 1 1 0 1 0 1 0 0 0 1 0 0 1 0 1 1 1 0 0 1 0 0 0 0 0 0 0 0 0 1 1 0 1 1 0 1 0 1 0 1 0 1 1 0 1 1 0 1 1 0 0 0 1 0 1 1 0
double 96 1.27 0.79 1.99 1.94 0.66 0.61 1.63 0.87 1.48 1.43 0.72 0.96 0.71 0.21 0.15 1.25 0.76 0.23 0.59 1.35 1.04 1.56 0.2 1.16 1.18 1.39 0.76 1.49 0.84 0.95 1.9 1.1 0.39 1.93 1.11 1.76 0.57 0.2 1.67 1.62 1.66 0.66 0.21 0.59 1.14 1.99 1.09 1.96 0.36 1.88 0.59 0.89 1.78 0.06 1.51 1.31 0.4 0.17 0.65 1 0.53 0.46 0.25 0.09 1.06 0.24 0.67 0.12 1.28 0.51 1.61 1.02 0.11 1.36 1.19 1.13 1.71 1.55 0.95 0.01 0.85 0.72 0.96 0.77 0.16 0.27 0.99 0.19 0.44 1.78 0.49 1.78 0.89 0.76 1.05 0.73
bool 97 1 1 1 1 1 0 0 1 1 1 1 0 1 0 1 0 0 1 1 1 0 1 0 0 0 0 1 0 1 1 1 1 1 0 1 0 1 0 0 0 1 1 1 1 1 0 1 0 1 0 1 0 1 0 1 0 0 0 0 1 0 0 1 0 0 0 0 1 1 1 0 0 0 1 0 1 1 1 0 0 1 1 0 1 1 0 0 0 0 0 1 1 0 1 0 1 1
bool 99 1 1 1 0 1 0 0 0 1 0 0 0 0 0 0 0 1 1 1 0 1 1 0 0 1 1 0 0 0 0 1 0 1 0 0 1 1 1 0 1 1 1 1 0 1 1 0 0 0 1 0 0 0 1 1 1 0 1 1 0 0 0 0 1 1 0 0 1 0 1 0 1 0 0 0 0 0 1 1 0 0 1 0 0 0 1 0 0 0 0 1 0 0 0 1 0 0 1 1
char 99 i n n g b f p d t h t p f n q j c p e g s g n o k a p c b b l f g q t k p s h g i h e h d o n e i i a m b b n g e a p q l d m r n d e f s k n l f i n g s q h e i m p q q q n n t p a m f s r t e d r
int 101 11 19 19 13 8 10 19 2 11 17 12 3 5 19 20 14 12 12 13 12 18 2 5 1 18 9 17 16 9 18 6 16 9 5 14 8 16 8 20 19 2 6 15 1 6 12 13 20 12 16 13 12 18 10 13 10 6 3 19 20 15 12 1 19 8 13 8 9 4 13 15 15 6 18 14 7 19 15 14 15 17 15 6 4 9 7 10 8 5 15 4 9 13 15 14 15 14 19 12 15 14
int 101 14 10 3 5 10 9 11 9 3 18 4 5 5 15 9 18 2 4 18 6 20 10 6 18 10 11 7 8 4 10 14 9 8 19 12 16 15 2 20 14 8 18 16 4 4 6 6 20 16 17 16 3 3 19 4 13 1 18 15 20 3 11 7 4 5 1 10 8 14 2 15 4 16 11 13 3 18 11 9 5 19 10 7 13 8 20 12 10 9 20 14 17 17 11 15 9 11 15 4 8 20
char 103 j d d d n e e c r j n m l r g d m d n l l m q q i p n m b c a h q d j t a b h d c m q e h s j j a p f m p q m m p o q f f g k k r o t p r p s n t s l n n c l o b b e t f o o r b r t o t r t p k k s n g c t
double 103 1.85 1.91 1.56 1.11 0.88 0.46 1.03 1.8 1.99 1.35 0.65 0.84 0.09 1.27 0.47 1.69 0.59 1.84 0.86 1.39 1.67 1.2 0.74 1.06 1.17 0.51 0 0.93 1.34 0.75 0.22 1.41 0.09 0.2 0.78 0.54 1.92 0.31 0.15 0.91 0.59 0.8 1.91 0.28 0.31 1.39 0.37 1.48 1.87 1.94 0.3 0.88 0.87 0.98 1.22 0.53 0.29 0.14 1.1 1.33 1.02 1.21 1.28 1.25 1.91 1.93 1.96 1.52 1.44 1.29 1.06 0.73 1.05 0.05 1.42 1.88 0.67 0.79 0.62 0.78 0.18 0.68 0.46 1.14 0.95 1.89 1.63 1.39 1.42 1.25 0.5 0.05 1.97 0.98 1.16 0.72 0.36 0.58 0.07 0.04 0.53 1.21 1.14
char 104 q o g f b h q p t r k c i c j g e c j c r f g o c j f b n o a i h n n l e m j s q m p t b g o h r h p f f i s a d k c c q r q a k q f d i f k h c c i g p r k m m m g q g p h b b n o j k s k g c d g b a l i p
char 106 j c i h o b r s a i q s e p j o e j t a n p g i c q g a f a t a g d r s p g d a h t k k a e e n j k s i o j m o a m n o j h t d b e t f l k b e j o l e o r m j r t f c s k p d p s i p j l j i h a a g h i n c r d
int 106 13 8 6 11 15 5 10 9 12 9 17 12 9 4 14 10 19 2 9 17 17 8 12 14 18 2 5 19 19 3 17 4 7 20 10 12 7 12 14 8 16 6 5 10 6 2 20 3 13 7 16 11 17 3 6 19 15 2 12 10 5 3 11 4 11 9 16 20 16 8 17 19 16 17 3 4 6 17 16 5 14 12 18 18 16 1 5 18 19 12 15 10 2 8 20 16 3 13 12 15 16 1 2 14 4 7
int 107 8 10 14 6 3 13 16 15 19 16 14 11 3 4 18 20 9 1 1 13 1 19 6 3 13 2 8 10 8 4 4 6 19 11 12 8 19 18 11 1 12 12 9 14 15 6 1 20 18 7 18 8 15 1 15 20 19 5 3 10 14 6 19 13 5 16 5 14 4 19 20 7 5 1 10 10 5 20 8 7 14 18 2 12 9 1 11 11 8 9 19 8 11 6 9 2 20 2 18 19 13 13 3 19 1 1 2
bool 107 0 1 0 1 1 1 1 1 1 1 0 0 1 0 0 0 1 0 0 1 1 1 0 1 1 1 0 1 1 1 1 1 1 0 0 0 1 1 0 0 0 0 0 0 1 0 1 1 0 1 1 1 0 0 0 0 0 1 1 1 1 1 1 0 0 1 0 1 0 1 0 0 1 0 1 0 0 1 1 1 1 0 1 1 0 1 0 0 0 1 1 1 0 0 0 0 1 1 0 0 0 1 1 0 1 0 0
char 108 f n q m q e t c n n h j b m k s b f g d q n b o s h j p m m j a c q n j n o q n g d t e s e c e o g s s r k f d j i e k s f r b p k h k e p j g b g k m k e q p a h e j g p e m k j s f f k p n j g m c k s j b n p o i
int 108 14 12 3 19 6 8 8 14 18 18 16 4 13 5 11 11 16 19 7 14 17 5 20 12 9 20 11 2 5 14 15 6 14 17 11 9 13 7 19 3 16 6 19 19 5 11 4 20 3 18 13 16 20 7 15 2 20 18 16 2 17 1 4 18 14 4 19 18 18 2 20 17 15 9 15 12 9 9 10 7 7 8 15 15 2 7 1 7 14 10 14 4 10 3 15 11 1 16 1 12 9 8 2 6 7 15 5 17
bool 109 0 0 1 1 1 0 0 1 1 1 0 0 0 0 0 0 0 0 1 0 0 1 1 0 1 0 1 1 1 1 0 1 0 1 1 1 1 1 0 1 1 1 1 1 1 1 0 1 1 0 0 0 1 0 0 1 1 1 1 0 1 0 1 1 1 0 1 0 0 0 1 0 1 1 1 1 1 1 0 1 0 1 1 0 0 0 0 1 0 0 0 0 1 1 0 1 1 1 0 0 0 1 0 0 1 0 1 1 1
