int 10 postorder 7 63 46 88 94 81 42 89 43 90
int 12 inorder 71 81 50 7 69 78 95 1 42 45 76 95
int 12 preorder 24 1 75 57 25 28 81 23 8 72 97 13
int 14 preorder 21 89 75 89 20 73 85 79 93 24 58 66 40 34
int 14 postorder 9 25 25 8 81 96 73 2 35 18 81 40 48 65
int 17 inorder 64 56 95 38 38 12 5 34 53 16 62 75 41 42 11 25 80
int 20 postorder 66 43 17 56 86 88 88 4 64 27 8 38 65 53 89 46 95 28 30 13
int 20 postorder 47 30 7 52 65 59 55 34 62 86 60 28 90 66 39 55 46 57 59 37
int 21 preorder 7 77 14 39 19 60 34 23 1 4 84 7 50 82 45 38 75 55 74 36 21
int 22 inorder 22 4 94 63 68 55 5 15 79 92 44 40 71 86 14 43 23 85 81 87 36 22
int 22 preorder 99 34 25 38 42 70 52 99 26 75 12 92 39 93 40 31 48 83 99 42 14 24
int 24 preorder 49 11 97 73 43 45 53 68 40 22 72 3 89 46 34 22 56 93 10 92 96 45 82 14
int 24 inorder 37 41 13 23 37 65 74 27 37 45 49 86 27 32 81 60 26 40 81 51 17 65 93 49
int 27 preorder 30 93 72 33 12 27 97 66 1 63 38 31 2 99 34 28 84 23 14 82 56 22 89 75 71 88 49
int 28 inorder 37 60 7 73 39 31 55 65 63 6 67 70 58 48 62 73 97 11 77 11 37 14 11 34 66 79 95 67
int 29 postorder 1 65 75 9 77 42 39 91 43 66 50 99 26 3 76 73 10 85 33 5 75 63 19 65 51 77 22 82 62
int 31 postorder 74 47 28 8 96 18 37 96 64 98 72 25 11 91 79 19 58 73 34 97 2 78 1 19 91 4 55 46 79 21 24
int 31 inorder 61 67 16 75 64 39 3 80 90 32 94 75 49 26 80 28 18 29 9 39 52 56 14 59 22 73 90 61 61 55 55
int 32 preorder 96 86 25 5 71 82 38 63 85 91 48 57 30 88 52 56 75 72 18 65 82 76 57 30 70 99 28 33 62 32 62 52
int 33 inorder 11 62 50 43 31 82 19 31 94 6 80 13 23 11 29 37 35 54 68 70 84 64 75 58 38 58 23 48 46 96 58 45 59
int 34 postorder 60 20 62 66 40 70 58 49 31 53 32 20 11 53 88 12 74 52 39 25 51 67 42 90 73 50 31 66 33 30 47 72 74 32
int 34 postorder 45 26 6 82 6 29 83 98 77 11 45 98 1 66 7 64 51 20 47 31 58 42 94 59 29 13 57 73 61 18 60 4 76 25
int 35 postorder 63 3 40 15 10 67 23 34 4 37 25 41 18 18 71 32 17 41 44 27 79 16 1 80 40 9 59 24 15 11 96 16 58 65 71
int 38 inorder 97 52 62 87 25 36 23 38 84 47 82 42 1 41 42 90 19 93 46 93 44 75 33 41 17 45 91 73 42 26 79 18 88 92 62 25 28 75
char 41 inorder r c g d p d p b g d h p i i h k e h t o c h q f b e o b q k t e f g k s f h r r m
double 41 inorder 0.16 6.15 2.41 6.05 7.24 2.2 8.11 8.35 1.37 4.87 0.3 8.85 7.41 1.21 7.69 6.75 9.72 6.01 1.5 0.33 3.75 0.26 0.75 2.68 3.87 0.47 1.75 6.39 1.64 4.06 5.15 7.25 7.57 1.97 4.81 9 1.91 2.38 9.03 3.54 8.15
bool 47 preorder 1 0 1 0 1 1 1 0 1 0 0 1 1 0 1 0 1 1 1 0 1 0 0 0 0 1 1 0 1 1 1 0 0 1 0 1 0 1 0 0 0 0 1 1 0 1 1
char 48 inorder r l h t r t g i r h o d e p p g l r e e s i k o k g i q e i q f j e t q i o e b e h s h a d h a
char 50 preorder b q h l g j p p o l g r l k n i h a a b m f o n r s h i j c b k b c k c b p q f p b p k t m s o b e
bool 51 postorder 1 1 0 0 0 1 1 1 0 0 1 0 1 1 1 0 1 1 0 0 0 1 0 1 0 0 0 1 1 0 0 0 1 1 0 1 0 1 0 1 1 0 0 1 1 0 0 1 0 1 1
char 51 preorder f c f p c o k l b b f p o j c m b o e e d e i o l n r f m t d c m n m f p n l b i k i l g p a q p c d
int 51 preorder 46 19 58 14 91 33 88 65 44 30 72 22 80 76 25 77 53 43 27 62 25 64 72 71 84 19 8 47 49 29 48 36 69 12 99 76 48 34 37 95 49 42 75 4 57 11 31 31 16 9 73
bool 52 postorder 1 0 1 1 0 0 0 1 1 1 0 0 0 0 1 0 0 0 0 0 0 1 1 0 1 1 1 0 0 0 0 0 0 1 1 0 1 0 0 0 1 0 1 0 1 0 1 1 1 1 1 1
double 53 postorder 8.86 8.52 1.92 4.25 9.03 8.14 6.04 3.2 5.9 8.06 0.21 7.71 9.76 7.88 4.99 5.66 1.56 3.48 5.58 3.88 4.35 6.12 1.76 1.32 9.32 5.74 8.47 1.55 4.24 6.33 1.54 9.41 4.51 1.44 4.01 2.44 9.69 6.12 2.67 9.34 3.83 9.91 6.2 2.76 5.3 4.22 1.51 5.13 6.7 8.82 8.19 7.94 5.1
bool 53 postorder 0 0 1 1 1 0 1 0 1 1 0 1 0 0 1 0 0 1 1 0 1 0 0 1 0 0 1 0 1 0 0 1 1 1 1 0 1 1 1 0 1 1 1 0 0 0 1 1 0 0 1 0 0
int 54 postorder 77 25 58 96 65 71 72 66 76 83 28 2 45 13 71 94 90 93 85 36 46 51 95 60 15 86 65 41 22 33 71 59 93 50 74 3 9 23 79 48 47 92 70 61 51 95 58 33 89 85 47 36 60 47
bool 55 preorder 0 1 1 0 0 0 0 0 1 1 0 1 1 0 1 1 1 1 1 0 0 0 0 1 0 1 1 0 0 0 1 0 0 0 1 1 0 1 0 0 1 1 1 1 1 1 1 1 0 0 1 0 1 0 1
int 55 inorder 29 67 54 16 31 73 19 96 40 35 26 21 80 50 97 91 46 15 49 56 95 57 17 36 46 94 32 23 42 58 99 57 92 99 67 83 30 60 87 54 16 50 67 67 4 54 55 21 95 96 35 56 67 73 73
char 56 postorder e b r f e t t b e c n k o a g f h j r d p j k a b c h l e e p m l k f g r o p o l p f i e k k l j i k e n m q q
double 57 inorder 9.42 3.34 5.37 3.61 6.46 8.34 3.41 4.98 8.66 5.73 0.97 3.84 8.91 1.08 5.54 5.7 8.34 6.6 1.92 2.46 4.28 8.59 7.29 7.87 0.77 4.62 6.32 4.06 8.17 0.14 5.98 2.3 7.33 0.32 3.88 4.69 8.99 9.5 5.71 3.36 6.25 6.49 1.58 3.75 5.18 8.92 5.37 3.35 2.49 9.61 9.06 7.66 6.4 1.48 7.44 2.42 1.88
int 58 postorder 96 24 26 7 54 61 15 73 88 21 36 42 17 64 46 80 72 14 74 52 61 65 16 66 60 16 40 78 23 66 85 38 46 38 58 79 55 91 49 95 73 28 5 29 51 2 32 24 38 96 35 9 48 38 81 97 82 23
double 58 postorder 6.84 2.99 4.26 8.92 6.37 9.68 3.76 4.97 4.95 3.75 4.72 6.57 5.98 4.64 1.57 9.89 1.04 8.61 2.69 8.44 3.57 4.71 5.36 4.6 3.77 2.54 5.17 9.87 1.99 3.44 3.47 0.51 8.25 8.6 1.61 5.64 6.18 5.4 0.66 5.52 2.12 1.58 9.37 2.83 1.17 8.7 7.02 0.26 0.89 3.29 8.66 5.46 7.92 1.54 2.8 8.63 4.3 4.16
bool 59 postorder 0 0 1 0 0 0 0 0 1 1 0 1 1 0 0 0 0 0 0 1 0 0 0 1 1 1 0 1 0 1 1 1 0 1 0 0 0 0 1 1 1 0 0 1 1 0 1 0 0 1 1 0 1 0 0 0 1 0 1
bool 59 preorder 1 0 1 0 0 0 1 1 1 0 0 1 0 0 0 1 1 1 1 0 0 1 0 1 1 1 1 1 1 1 1 0 1 0 0 1 0 1 0 0 0 1 1 1 1 1 1 1 1 1 0 0 1 0 1 1 1 1 1
char 61 inorder f a r e i h r t p m j b c s k m h c i n g h o k s g t e m f s f i i f h g b i t q k o c e d l b r e i h o r r c r t h a l
bool 61 postorder 0 1 1 1 0 1 1 1 0 1 1 1 1 1 1 0 1 0 1 0 0 0 1 0 0 0 0 0 1 1 0 0 1 1 0 1 1 1 0 0 0 0 1 0 0 1 1 1 0 1 1 0 1 0 1 1 0 1 0 1 0
double 61 inorder 3.82 7.1 4.54 3.35 8.2 9.95 5.18 1.88 4.18 9.57 0.21 1.09 3.06 6.86 4.97 5.74 3.63 8.14 4.51 4.81 7.63 9.62 9.67 3.96 5.26 7.46 0.92 1.04 9.59 5.66 1.44 3.78 5.34 8.9 0.51 1.48 8.42 6.44 8.27 1.43 2.45 5.22 2.18 3.16 9.6 8.56 7.19 9.57 9.72 7.65 4.68 8.79 0.05 9.25 0.83 8.07 8.85 0.33 1.93 6.49 7.09
int 62 postorder 64 25 54 49 42 34 89 94 94 55 79 22 18 83 35 23 29 20 44 47 11 2 88 36 30 88 54 93 39 22 89 70 5 62 55 48 65 9 1 28 91 84 45 68 67 21 54 74 71 35 22 68 42 33 72 55 85 80 66 16 18 44
int 63 inorder 79 28 97 76 24 57 16 5 88 82 17 90 2 99 40 12 5 11 57 74 10 73 4 4 37 78 83 60 5 63 44 99 61 62 80 96 98 91 26 27 33 34 65 74 12 86 29 25 39 68 89 30 43 34 88 77 84 17 76 37 37 29 8
int 63 preorder 9 20 41 75 96 49 28 20 74 33 47 45 96 41 94 8 16 51 73 12 62 55 91 15 20 43 18 90 74 63 22 28 44 18 44 28 22 81 70 62 87 68 22 94 21 93 76 90 17 29 42 90 93 7 89 58 32 84 12 5 66 37 23
double 64 preorder 2.86 7.86 0.83 8.04 3.16 9.22 2.89 3.72 7.64 0.19 5.07 9.9 7.91 6.22 8.92 8.58 6.89 2.37 4.78 0.22 8.77 3.06 7.18 2.06 2.46 9.58 0.47 8.51 0.27 4.14 6.22 6.1 3.46 9.76 6.59 2.52 0.74 4.1 9.76 0.81 6.93 2.41 2.3 5.06 0.99 9.09 8.2 4.51 3.81 8.23 0.82 7.72 3.6 9.74 5.23 5.84 4.98 3.73 1.03 1.7 8.35 2.87 1.41 4.48
int 65 inorder 86 40 42 51 82 41 63 54 5 78 77 14 33 67 2 66 19 77 62 40 21 75 7 98 39 70 19 41 36 64 78 34 40 35 28 15 88 71 62 72 58 60 81 42 24 14 24 61 90 7 41 82 19 17 27 41 87 20 63 39 4 46 80 31 96
double 65 inorder 0.49 7.57 8.99 2.27 6.47 1.52 4.93 7.35 3.34 5.03 4.68 8.03 2.46 1.27 7.4 7.18 9.1 0.23 8.55 3.92 9.58 7.31 0.01 4.11 6.68 8.29 5.1 2.25 1.36 9.94 3.61 3.31 4.55 1.42 1.46 0.4 8.77 1.25 6.61 8.76 0.61 7.5 7.16 5.22 7.77 8.82 2.14 2.65 0.57 3.59 3.63 8.67 8.29 7.52 7.39 5.86 5.74 8.61 8.88 2.65 3.01 9.11 6.78 5.64 4.74
double 66 inorder 9.93 9.43 7.1 5.76 7.74 5.57 2.94 2.3 8.04 8.91 7.69 9.69 3.52 4.96 5.87 1.94 1.56 6.18 5.21 6.08 1.56 2.12 9.71 9.62 2.4 1.65 1.08 7.05 1.53 0.01 1.47 3.62 0.57 2.12 1.08 2.24 4.09 5.05 0.71 0.29 4.15 7.29 9.81 5.52 1.85 2.53 8.23 1.93 3.6 8.71 5.61 2.04 5.38 2.56 2.5 7.42 9.14 8.1 7.39 0.21 4.91 0.58 7.82 4.65 8.73 6.64
bool 66 postorder 1 1 0 1 1 1 1 1 0 1 0 0 0 0 1 1 1 1 1 0 0 0 1 1 1 0 1 1 0 0 0 1 0 0 1 1 0 1 0 1 1 0 0 0 1 1 1 1 1 1 0 0 0 1 1 1 0 0 0 0 1 0 0 0 0 1
char 68 inorder a p a p n l p m r h e s h h k b o k k q m e g d a p m p l o q r k d s s b f c d o b g l s k m h k g d f l n t f m m i t q k a b i m n f
int 68 preorder 80 66 51 89 37 58 22 28 80 69 12 88 86 92 57 51 7 31 94 26 86 38 88 55 12 9 96 12 60 4 72 36 58 75 90 38 29 21 17 6 44 64 88 80 98 49 54 73 74 97 18 13 60 72 96 33 90 21 92 35 57 88 5 96 3 38 37 10
char 69 preorder e r c c g n t k r h r k d a c q h f g e r q e f r b k o e g q n f i n p f t p t m b h l g d c c o q h r t i i a p n c a j p o a r i b q o
double 69 preorder 5.87 4.54 9.3 4.64 9.65 4.5 4.64 7.37 0.84 9.58 2.96 0.71 8.9 2.7 9.58 1.53 9.73 6.96 7.83 2.01 0.93 2.86 9.86 7.78 8.76 1.6 3.14 6.02 1.28 4.85 5.87 9.17 0.36 3.75 9.15 6.84 3.13 7.53 5.68 2.88 1.97 4.05 4.88 3.99 9.79 3.48 3.09 7.48 6.91 0.9 0.77 2.09 3.71 8.2 9.17 7.84 6.73 9.18 2.25 3.62 5.56 9.37 0.87 1.59 7.64 9.7 1.36 1.46 1.88
bool 70 postorder 1 0 1 1 0 0 1 0 1 1 0 1 0 1 0 1 1 1 1 0 1 0 1 1 0 1 1 1 0 0 0 1 0 1 0 1 0 1 0 0 0 0 1 0 1 1 0 0 1 0 1 1 1 0 1 0 0 0 1 0 1 0 1 0 1 0 0 0 0 1
double 70 postorder 0.79 0.39 0.05 5.59 4.09 8.46 6.85 6.24 1.31 2.92 7.82 9.48 5.21 5.37 8.97 6.16 2.75 3.17 4.33 6.58 9.46 5.96 9.15 4.22 3.47 9.67 3.55 1.42 6.68 4.48 5.68 4.49 3.56 0.42 8.51 7.2 4.49 0.52 7.81 8.59 4.73 8.44 0.34 6.32 9.6 5.54 0.54 0.8 5.11 3.47 5.11 5.26 8.37 3.9 3.6 1.39 1.03 1.06 0.31 1.05 8.16 3.71 5.77 3.61 3.5 9.86 0.58 3.19 1.86 4.58
char 71 inorder e p m h f m b b e l f b h s q n o q p s j b f k p r t o r p o r c e i e k l l d q n e g b h q b d p r m r c i o k g b k i l n b g e g c g m j
bool 71 inorder 1 1 1 1 1 1 1 0 1 1 1 0 1 1 0 1 1 1 1 0 0 0 1 0 1 1 0 1 1 1 1 0 0 1 1 0 1 1 0 0 1 0 1 1 0 0 0 0 1 0 0 1 0 1 1 0 0 0 1 0 0 1 0 0 0 0 1 1 1 0 0
bool 72 preorder 1 0 1 0 0 1 0 1 1 0 1 0 0 0 0 0 0 1 0 0 0 1 0 0 1 1 1 1 0 0 1 0 1 0 1 0 1 1 0 1 0 0 1 1 0 0 1 0 1 0 0 1 0 0 1 0 1 1 0 0 1 1 1 1 0 1 0 1 1 1 1 1
double 73 postorder 7.73 2.18 0.1 7.05 4.94 5.67 8 5.33 9.86 4.52 0.59 1.4 6.02 4.87 1.58 3.47 5.08 5.3 8.03 7.52 0.45 6.46 3.89 6.76 1.44 0.99 5.91 6.54 9.67 9.29 9.94 2.47 3.99 9.46 7.54 3.17 1.4 5.11 5.62 2.89 6.2 5.11 5.21 9.68 9.47 0.69 5.18 8.79 7.56 3.81 9.12 2.1 7.67 1.12 2.2 5.35 7.54 9.76 1.89 3.14 1.28 5.54 9.83 7.71 3.1 3.81 1.01 3.16 4.46 2.82 9.34 6.24 7.12
char 74 preorder t p k i g t c e r e s n l r h c s s j a e e f s e a n s o o s l k i k c i l s b h c k l b l r e j a q a m n q p q i k g p q s a e j d l n o k l p g
double 74 inorder 2.69 4.73 7.5 8.82 3.77 9.92 4.75 7.23 4.17 2.09 0.93 6.56 0.35 1.07 2.45 0.31 8.6 1.32 5.25 9.07 9.25 1.93 8.61 3.85 5.26 8.63 9.7 9.05 2.97 4.75 1.65 0.56 0.43 2.91 2.34 1.83 5.67 9.88 5.03 2.35 8.85 4.98 4.71 2.85 6.74 7.72 2.8 4.49 3.62 2.16 8.17 5.66 5.66 3.6 6.28 9.16 5.49 2.92 8.96 7.45 6.53 2.22 7.36 1.38 7.95 0.27 1.54 8.02 9.48 5.26 9.81 9.16 9.81 8.07
double 77 inorder 3.62 2.17 0.6 4.58 4.72 7.07 0.52 1.56 1.92 8.72 5.02 4.61 6.92 9.36 9.46 6.37 9.63 3.56 3.31 2.08 7.37 8.12 4.59 7.06 3.86 6.22 8.19 4.46 1.66 4.23 3.13 6.43 3.59 4.04 8.43 2.86 4.86 6.32 9.01 2.35 1.49 2.54 1 0.37 1.27 5.82 5.96 7.43 2.48 8.51 8.85 4.31 0.17 6.92 1.48 6.45 3.21 3.77 3.15 9.25 2.35 7.22 0.89 5.83 7.15 2.88 1.71 1.13 9.55 8.63 1.28 2.09 1.7 9.67 9.93 1.02 9.23
char 77 preorder m n l j i a e h m e b m d j s f a p t o t g g c t k j j q s r e k s t s c c s o n f h f c p q n i l f l r p k g g p p k p d c m e p f l s e h b q a k d t
double 77 preorder 3.25 7.69 2.99 6.41 3.79 3.02 0.03 0.34 2.79 1.93 9.99 2.15 0.81 6.4 8.91 3.98 8.79 0.71 7.81 3.08 1.76 9.66 9.99 4.4 0.92 1.89 3.85 9.31 1.03 5.85 8.8 3.24 1.25 5.24 5.7 0.51 9.65 8.28 1.94 5.04 1.34 1.43 8.99 0.92 0.94 3.09 7.05 3.73 6.46 7.03 7.69 5.41 8.38 1.45 2.62 7.39 4.07 7.2 6.58 3.26 6.8 8.6 8.7 6.69 1.72 1.65 3.71 6.27 0.96 5.05 6.15 0.45 5.3 3.67 7.91 1.78 9.19
bool 78 preorder 0 1 0 1 0 1 1 0 0 1 1 1 1 1 1 1 0 1 0 0 1 1 1 0 1 0 1 0 0 1 0 0 0 0 1 1 0 0 0 1 1 0 0 0 0 0 0 1 0 0 1 1 0 1 1 1 1 0 0 0 1 0 1 0 0 1 0 0 1 1 0 0 1 1 1 0 0 0
bool 78 preorder 0 1 0 0 0 1 0 1 0 0 0 0 1 0 1 0 1 1 1 1 1 1 0 0 1 1 1 1 1 0 0 0 1 1 1 1 0 0 1 1 0 1 1 0 1 1 0 1 1 0 1 0 0 1 1 1 0 1 1 1 0 0 1 1 1 0 1 0 1 0 1 1 0 0 1 1 0 0
bool 79 preorder 0 0 0 1 0 1 0 0 0 0 0 1 1 1 1 1 1 1 1 1 1 0 1 0 1 1 1 0 0 0 0 0 0 1 0 1 1 0 1 0 0 0 0 0 1 0 0 0 1 1 0 1 1 1 1 0 0 1 1 1 1 1 0 1 1 1 1 0 0 1 0 0 1 1 1 1 0 0 1
char 79 postorder d d n o t o m g f e k t m g e a i j n l h d k r j l l q c r d d o q c t a a c d h f m h n e s q c c m i m t c r n q h i a g q q b k h p k d i k r j c i q b b
double 80 preorder 8.41 2.24 6.45 2.57 7.83 7.03 7.69 6.58 7.35 6.45 9.87 5.38 2.03 5.33 4.75 8.88 1.92 1.44 3 9.26 1.44 9.63 1.19 1.59 5.55 1.44 3.8 2.95 1.73 2.52 9.93 4.26 4.3 8.41 8.01 3.65 5.79 6.65 4.39 3.24 6.49 7.47 4.68 2.15 6 9.39 8.12 9.81 0.59 7.13 5.4 5.93 7.27 6.12 2.53 4.5 1.18 1.63 4.37 4.8 4.43 1.1 4.05 7.19 8.54 1.01 7.55 5.83 4.06 8.57 5.32 6.69 8.43 4.96 5.69 3.6 3.92 8.12 2.25 9.84
char 82 inorder t s p s j s t t r e i d r b b e m c c k j g n o h i t g t t n q b g d k e t n m l n e h g p a n i h e t e m j i l s a q n f c t q k f p m l j i s m e t b p o l r i
int 83 postorder 30 84 46 11 54 76 21 34 93 67 79 27 86 66 50 54 12 22 16 37 32 10 23 16 7 11 16 7 8 89 84 45 84 71 10 61 15 35 85 50 57 86 66 53 85 98 93 7 21 58 34 21 51 17 68 80 5 37 65 26 99 86 63 86 88 46 15 65 69 39 45 9 64 3 30 9 60 57 34 38 30 40 47
int 84 inorder 38 66 41 95 81 21 34 18 4 65 7 52 98 45 29 44 98 44 72 78 72 28 85 52 92 50 54 65 90 52 63 34 5 43 21 77 68 6 59 20 14 80 48 25 24 67 52 90 37 40 54 49 50 83 11 8 5 11 57 33 39 52 69 93 11 39 85 75 27 37 47 48 1 20 67 61 64 25 55 44 42 11 90 50
bool 85 preorder 0 0 1 1 1 1 1 0 1 1 0 1 0 1 1 0 0 1 0 1 1 0 1 0 0 0 1 0 1 0 0 1 0 1 0 0 0 1 0 1 1 0 0 1 0 0 0 1 0 1 0 0 1 0 0 0 0 0 0 0 0 1 1 1 1 0 0 0 1 1 0 0 1 1 0 0 1 1 0 0 1 0 0 1 0
char 86 postorder s c o g f q n t o d l c q c r q t c k h e e a t s o q k o k g o q o t i j o p b e c c d n b j o s c e i t a c n f m l c s j b g a b j i h k d h d p r j s j g f a n j s l a
double 87 preorder 3.5 2.22 3.05 8.13 0.33 1.36 7.5 5.31 0.98 2.93 4.2 4.79 3 0.06 9.73 0.33 1.68 6.08 7.5 0.77 8.68 4.89 7.26 5.24 7.61 4.45 8.94 0.25 3.07 3.03 5.39 1.89 3.09 3.72 4.82 7.11 0.89 5.71 6.58 2.99 0.08 2.33 6.01 3.38 5.02 9.43 0.28 0.73 0.54 7.31 7.02 7.65 7.98 4.03 9.25 4.57 3.01 6.09 2.09 4.64 1.75 0.92 9.45 9.81 1.77 4.91 2 6.54 9.48 4.86 1.11 2.08 3.58 6.46 4.53 5.43 1.47 7.99 1.77 0.89 7.21 9.06 4.84 7.45 5.85 0.42 5.46
bool 87 inorder 0 1 1 1 1 1 1 0 0 1 1 0 0 1 1 1 1 0 0 1 1 1 0 1 1 0 0 1 1 0 0 1 1 1 0 0 0 0 0 1 0 0 0 0 1 1 1 0 1 1 0 0 0 0 0 1 1 0 0 1 0 0 1 1 0 1 0 1 0 0 0 1 0 1 1 1 1 0 1 1 1 0 1 1 0 0 0
bool 88 preorder 0 1 1 0 1 1 1 1 0 1 1 1 0 1 1 0 0 1 0 0 1 0 1 0 1 1 1 1 0 0 0 1 1 0 0 1 0 1 0 0 1 0 1 1 1 0 0 0 1 1 0 1 1 1 1 0 0 0 1 1 1 0 1 1 1 0 1 1 0 1 1 0 1 0 1 0 1 1 0 0 1 1 0 0 0 1 0 1
char 89 preorder n t e b i l q j m d l m k e o f i r b m q c m o b r c e s c h q o b m f o a o s s p m i a c j n i m f s h l n s h l m e h s h n e l q j f a s g p f n h l j g n p n m h c t r m c
int 89 preorder 68 85 21 76 25 20 66 65 71 66 2 65 4 22 34 49 81 74 97 85 80 27 21 52 48 87 71 39 80 23 97 9 48 78 66 64 86 7 19 86 61 80 3 59 2 14 87 36 16 11 7 44 46 55 80 1 27 31 54 2 93 99 97 85 50 93 52 28 50 89 2 82 57 17 9 51 54 53 91 84 56 24 56 80 6 28 79 39 92
int 92 inorder 71 9 81 16 3 9 87 62 46 39 39 70 93 97 77 98 93 62 37 22 80 16 31 59 62 95 52 10 22 96 36 45 28 93 15 92 84 33 53 79 55 58 69 94 89 46 87 36 61 5 8 45 76 91 91 44 73 49 10 87 53 68 1 63 11 60 9 65 62 94 48 52 49 97 79 50 65 28 87 2 33 73 55 5 88 73 94 53 97 99 92 98
bool 93 postorder 1 1 1 1 0 1 0 0 1 1 1 0 1 0 1 0 1 0 0 1 0 1 0 0 0 0 1 1 0 0 1 0 0 0 1 0 1 0 0 1 0 0 1 0 0 1 1 1 1 1 0 0 0 0 0 0 1 0 1 1 0 1 1 0 0 0 0 0 0 1 1 1 1 0 0 1 1 1 0 0 0 0 0 0 0 0 1 1 1 1 1 1 0
double 94 inorder 2.05 3.5 2.19 2.14 6.99 8.05 0.05 4.25 3.13 8.46 3.96 2.61 1.68 3.35 4.64 9.33 0.12 2.96 0.28 6.24 1.92 4.29 0.03 5.26 4.83 4.12 9.36 0.38 1.18 9.42 1.15 7.24 6.25 4.65 3.65 0.9 3.82 7.84 7.07 6.78 9.39 0.02 7.92 7 3.95 1.84 1.9 5.17 7.35 6.96 6.46 3.17 8.44 0.51 4.23 3.39 7.41 0.7 8.56 5.81 2.05 1.95 4.86 5.97 6.38 9.71 8.25 1.25 7.34 6.72 9.57 4.96 2.18 4.94 6.86 7.63 5.95 6.52 6.35 4.77 8.84 1.46 0.75 9.32 8.82 2.93 8.9 1.3 5.79 2.28 4.44 9.41 1.49 7.59
double 95 postorder 7.23 0.72 3.5 1.93 5.25 6.02 4.95 7.3 3.27 3.29 6.63 3.02 0.82 1.57 8.93 0.01 2.73 5.1 7.76 5.84 5.65 6.3 3.08 8.83 3.69 1.8 0.82 5.82 1.45 2.88 0.2 3.83 9.34 3.84 4.73 3.1 6.8 4.76 8.1 2.65 4.14 7.11 8.63 8.1 5.31 1 2.33 2.26 6.81 2.54 3.54 2.16 0.73 9.61 1.75 3.23 9.51 2.23 1.02 9.89 4.19 9.62 2.64 2.36 8.71 8.19 3.21 5.03 3.77 6.44 7.88 1.63 6.62 3.47 0.37 3.83 2.44 0.89 3.49 4.73 9.85 2.86 2.48 2.12 1.42 2.59 6.16 7.58 5.03 9.42 0.43 3.09 1.35 9.33 5.75
double 96 inorder 0.91 8.01 2.39 4.24 5.73 1.36 3.19 0.83 6.98 8.58 4.99 1.64 6.13 5.61 7.63 1.26 3.63 7.89 2.6 2.74 5.45 3.74 2.97 3.03 9.11 8.13 6.81 3.23 6.54 4.53 5.16 6.8 4.89 6.19 6.23 1.79 4.3 8.57 8.92 0.34 7.11 1.07 6.38 5.78 7.89 2.33 8.43 3.7 2.52 7.6 2.57 8.59 3.8 2.28 3.26 2.39 0.32 8.64 6.44 3.87 9.49 8.18 6.87 9.3 4.8 5.24 8.18 7.74 2.62 5.15 1.77 1.58 2.14 3.76 8.02 2.9 0.32 8.98 5.18 2.7 9.64 1.27 4.16 4.32 0.74 5.36 3.03 4.05 4.03 2.55 9 6.04 6.17 7.07 6.85 6.29
char 96 preorder j f q h s r t h g e l n p l p b a q j d b f c h q b e a n j n c f e q k s p o h n h t l o f g h o a m d d r n b i b c b a f k h q j o s a c h k g h g s q c b l h m k m l a t r b e q h h k t f
int 97 preorder 20 59 90 81 37 22 3 73 33 65 51 63 36 65 85 16 71 2 95 87 40 65 23 59 85 75 39 76 96 92 98 12 30 94 95 55 76 94 60 30 9 59 36 17 31 65 85 61 39 93 66 83 9 57 80 2 79 76 88 8 69 99 85 18 30 34 66 37 8 65 36 51 9 76 21 84 54 24 24 96 14 54 26 88 1 53 10 48 89 18 91 96 8 1 32 27 57
double 98 preorder 9.51 8.66 7.51 6.47 2.83 9.2 9.57 6.75 6.11 5.34 1.84 7.35 1.21 6.11 0.35 1.6 8.8 4.19 2.17 5.67 0.86 8.78 6.89 5.94 1.81 5.44 9.64 4.3 6.94 3.92 3.43 2.34 4.85 3.95 3.43 3.16 3.69 9.63 5.72 9.37 2.54 3.54 7.06 8.14 0.13 3.09 5.82 7.19 8.17 9.43 3.62 8.29 4.53 4.74 5.42 1.29 4.5 0.16 3.63 7.52 8.16 5 3.73 4.14 0.99 6.18 5.56 1.63 1.61 0.03 5.55 9.21 0.93 7.35 4.81 3.03 8.95 5.18 5.47 1.5 2.06 7.07 2.33 1.54 4.29 0.87 8.55 7.94 3.55 5.21 6.52 6.46 3.48 2.89 1.78 3.57 5.39 0.5
int 101 inorder 79 14 9 86 58 27 33 65 52 42 63 15 19 28 25 3 80 5 72 67 2 73 17 98 89 89 68 42 22 45 38 66 4 58 71 50 50 84 97 77 11 60 82 25 23 55 1 97 82 62 44 28 36 55 43 42 80 34 29 48 83 64 25 54 71 92 72 86 97 90 48 34 44 76 84 98 4 24 99 46 43 51 91 72 21 56 57 72 30 2 36 60 74 75 30 50 53 29 52 52 84
int 103 postorder 59 89 49 91 55 1 17 6 31 71 51 36 81 15 66 1 34 95 6 75 95 32 82 48 71 17 37 49 37 72 57 44 70 67 35 94 17 78 30 70 94 94 32 50 64 24 91 70 79 28 98 3 96 38 16 29 46 61 3 37 75 61 98 92 9 5 26 75 99 59 37 96 56 69 78 47 28 81 14 57 16 56 45 94 88 22 97 88 55 85 10 11 79 10 47 78 19 15 24 32 93 11 82
int 104 postorder 37 88 6 58 48 95 49 42 80 27 99 60 46 73 50 89 53 80 84 4 94 30 97 58 49 32 82 12 13 31 44 54 2 36 48 98 7 1 35 40 20 71 21 75 85 66 97 34 25 51 86 39 20 22 31 70 5 80 59 48 80 54 74 4 86 21 1 40 93 99 99 5 6 28 35 74 63 40 28 66 67 44 29 77 72 92 52 84 59 7 84 93 41 46 55 41 53 50 88 78 18 43 5 35
int 105 preorder 57 80 37 85 71 87 62 19 36 46 95 48 25 32 41 36 62 9 60 89 13 25 70 68 79 84 35 42 70 19 2 12 31 14 62 92 30 61 84 33 79 15 2 94 39 1 35 91 17 72 51 91 30 9 90 68 24 61 64 7 52 19 97 17 24 95 70 19 61 35 3 89 17 41 13 41 48 79 83 65 7 87 71 67 99 49 28 11 75 85 47 42 1 10 40 98 83 19 72 18 57 75 62 83 36
double 107 inorder 6.86 6.5 1.7 0.68 6.47 2.06 8.55 5.2 2.11 9.26 0.1 0.52 6.49 1.63 0.1 9.89 3.65 5.57 1.73 1.33 9.69 3.9 3.5 2.42 8.77 7.49 4.66 7.24 3.42 7.97 3.72 3.02 0.35 4.58 2.75 1.55 3.57 8.01 9.81 8.04 0.27 3.06 0.47 9.96 2.15 5.21 6.48 4.7 9.63 8.81 3.55 8.61 2.75 0.64 8.46 5.36 9.11 8.82 2.46 2.27 5.07 8.39 7.32 2.26 5.29 9.5 2.45 3.17 1.91 3.9 0.07 9.39 6.04 7.64 0.58 2.92 2.88 5.7 3.05 7.92 2.83 6.2 7.6 6.86 8.64 7.29 0.86 5.6 7.04 5.47 3.74 6.17 5.6 7.04 3.69 1.07 1.38 9.23 9.77 0.24 1.6 5.65 3.62 2.84 3.9 4.27 6.51
int 107 inorder 11 13 29 89 57 87 12 73 85 38 94 2 90 91 89 36 94 75 75 46 52 68 70 71 86 26 38 96 36 98 74 39 96 26 56 95 58 98 24 82 3 89 29 23 11 15 27 64 26 32 27 16 35 40 84 76 91 74 50 51 61 42 96 71 81 3 54 38 64 98 29 88 94 71 35 75 90 14 58 10 61 26 73 67 53 7 86 12 35 81 19 50 81 52 68 57 35 68 38 1 99 41 12 53 68 15 52
double 108 postorder 0.29 3.2 5.32 0.82 6.13 3.14 3.3 5.12 6.86 6.05 7.43 5.91 3.95 0.03 9.79 2.28 4.75 7.32 6.36 1.87 1.36 5.16 9.28 9.99 5.05 9.07 4.17 4.86 6.23 5.61 4.05 0.39 2.62 2.03 0.94 4.7 4.29 1.85 1.1 2.45 9.67 2.55 3.46 3.88 5.57 4.89 0.17 8.44 6.68 4.42 1.45 3.04 2.36 8.44 0.25 5.26 2.19 8.67 7.68 0.21 1.32 7.93 6.01 0.69 7.96 1.34 6.69 6.4 9.41 5.89 1.1 0.15 5.03 8.9 4.91 3.62 8.41 5.43 8.26 6.07 9.15 9.09 7.32 7.88 2.42 6.32 3.56 9.65 6.38 3.14 7.31 4.26 7.33 0.87 1.18 4.52 3.7 4.62 9.57 1.84 2.06 5.42 8.66 5.17 6.96 2.34 6.44 1.66
